11305631
11483063
11488092
11494463
11392216
11545287
11550874
11554257
11558613
10813756
11560046
11573432
11577155
11579793
11580483
11511742
11592387
11562940
11602755
11607360
11611027
11396733
11590830
11493411
11613468
11572190
11622916
11486624
11316003
11475725
11841025
11309730
11325777
11308982
11332782
11304646
11391293
11677303
12972789
11483799
11588900
11422303
11329178
13560277
11312558
11341030
11311702
11309890
11479436
11309091
11314765
11526599
11338205
11312825
11911565
11448778
11311016
11306486
11305405
11550331
11572133
11338346
11674867
11529340
11395260
11326514
11317698
11316852
11689792
11307828
11614023
11304213
11336036
11305450
11323028
11690054
11324618
11495467
11308144
11313354
11307090
11312071
11312457
11341440
11324938
11323014
11312264
11419141
11316896
11580894
11610300
11315930
11329406
11344628
11369899
11309070
11428230
11370529
11724277
11724828
11724905
11728228
11728720
10694195
11739264
11747020
11759151
11768690
11779592
11779588
11325065
11626169
11305487
11335002
11502944
11517150
11537100
11537781
11544249
11545019
11545718
11536934
11561573
11297776
11570207
10812367
11588483
11660948
11329774
11314738
11319435
12886028
11495232
11310049
11945826
11307171
11593620
11307635
11319406
11538730
11551401
11311992
11316281
11338578
11376511
11308635
11353436
11337595
11307185
11641052
11317449
12050713
11310923
11373517
11304290
11894151
11555871
11344375
11815063
11317996
11369993
12879904
11510518
13180558
11576020
11365084
11590953
11604846
11320008
11372487
11631063
11792646
11336802
11314566
11315252
11659298
11311006
11802010
11316369
11400068
11556144
11374072
11335630
11306640
11316477
11308809
11333059
11567382
11319302
11407314
11924575
11418856
11639930
11415332
11420174
11405714
11306462
11306570
11735078
11310183
11586761
11724432
11726577
11732839
11745410
11756879
11759518
11677971
11772594
11774708
11507671
11311050
11469056
11313978
11632752
11624618
11018364
11590467
11402723
11659863
11694058
11580442
11328896
11581054
11306040
11306427
11338487
11501562
11522628
11439212
11524271
11340444
11542403
11548027
11555880
11558026
11559471
11565662
11286806
11578660
11580394
11580684
11595485
11599338
11588407
11607227
11610758
11307745
11383795
11388090
11315023
11319273
11306191
11803495
11315910
11308023
11338118
11350520
11312682
11555952
11362686
11511118
11305693
11311211
13696512
11308781
11308854
11322702
11326806
11314064
12000802
11500948
11912336
11366963
11307033
12055388
11317068
11623952
11565366
11359102
11316689
11379741
11317167
11308463
11308105
11304663
11493746
11321996
11317581
11315125
11358755
11379531
11673215
11813597
11313215
11447210
11316339
11312336
11312669
11312062
11350702
11305938
11331342
11333814
11331950
11315009
11339684
13379736
11318983
11304571
11707288
11738577
11754109
11780775
11364749
11700482
11322181
11306335
11597306
11361111
11641516
11648097
11649511
11340022
11315483
11484882
11490396
11497308
11502826
11504468
11521277
11539108
11550463
11554944
11570685
11575331
11581978
11583166
11586556
11575581
11604507
11345408
11304929
11509935
11454527
11327714
11418964
11369677
11559376
11392419
11311122
11394717
11320326
11315185
11320347
11342185
11512804
11309773
11337673
11392301
11312161
11338647
12006238
11458368
11551373
11305146
11310624
11308600
11314928
11327054
11322554
11825404
11330675
11305907
11309145
11317613
11304309
11307826
11778292
11328743
11304149
11370353
11790518
11322807
11435781
11316876
11304564
11568685
11339614
11311619
11507356
11327823
11396745
11308522
11537184
11340555
11325422
11311899
11308211
11307500
11308543
11330299
11321904
11704974
11718337
11718324
11419640
11728739
11518282
11766283
11782334
11768719
11779764
11790855
11288148
11304626
11306934
11317434
11311822
11630980
11305802
11310843
11322840
11678602
11480390
11485273
11544537
11545825
11558951
11584494
11584780
11590117
11586991
11613906
11615753
11369778
11349621
11327884
11676329
11490327
11431576
11578018
11308976
11422851
11330209
11317164
11599003
11608708
11335707
11326630
11754765
11312790
11304189
13060999
11323243
11311027
13076575
12943177
11682444
11755582
11558710
11722957
11314983
11314997
11316796
11314362
11765214
11317812
11331695
11318766
12061201
11318350
11306561
11312512
11606995
11370139
11344065
11315022
11408924
11466562
11309205
11336915
11309072
11490784
11306206
11332534
11327479
11328622
11328827
11501370
11317850
11312127
11317491
12058900
11319811
11681835
11622921
11516896
11323532
11364502
11326894
11307899
11319360
11318604
11487647
11305497
11712729
11713836
11740924
11744882
11746906
11747358
11756293
11759002
11784838
11794907
11307756
11585568
11366275
12063519
13098356
11329650
11327931
11329136
11638901
11627684
11642315
11307534
11495110
11017989
11515416
11485024
11534694
11547201
11547696
11547374
11561598
11573582
11582603
11821271
11748796
11326997
11322977
11331163
11469072
11306171
11323801
11521844
11307675
11677306
13726106
11304464
11502478
13063901
11563632
11319949
11304660
11346236
11379238
11304284
11323370
11565597
11306253
11326834
11606397
11309726
11324285
11315729
11312544
11306101
11304904
11309733
11312667
11311279
11343592
11319366
12037756
11456346
12036041
11833884
11306650
11312068
11516746
11316010
11345800
11304267
11313161
11311998
11308867
11318125
11308000
11323403
11312230
11695971
11309822
11307854
11631923
11361493
11305367
11305502
11334643
11312319
11304958
11314432
11703086
11688363
11750877
11764491
11695434
11777556
11790465
11793576
11304557
11342667
11471018
11562051
11310740
11630652
11651828
11463599
11662369
11665132
11673482
11310172
11396731
11307566
11477998
11439277
11491497
11520711
11289026
11314543
11546367
11557616
11484141
11583010
11435622
11592694
11601559
11614352
11621390
11678157
11801927
13525602
12046367
11467010
11381838
11319066
11310416
11311776
11346693
11979483
11589341
11308663
11322786
11453698
11764940
11316151
11667999
11669024
11531070
11311461
11317108
11325615
11306963
11304148
11399907
11317306
11776274
11305271
11324333
11316716
11329427
11343772
11476825
11351273
11320593
11315480
13074417
11318541
11313305
11516320
11448842
11316397
11821452
11320400
11321480
11384225
12006922
11317063
11388279
11969599
11399867
11898661
11304467
11524439
11327984
11314554
11519761
11914805
11330964
11304708
11730006
11732657
11757110
11717865
11760505
11768168
11770579
11779012
11788478
11797058
11796897
11463125
11304204
11374202
11307615
11304393
11572313
11380402
11311178
11455714
11511153
11624059
11634718
11657364
11663667
11664219
11668128
11671481
11682162
11689960
11328933
11307130
11483098
11498303
10416394
11509132
11514413
11536389
11539444
11548007
11562350
11571944
11574651
11578613
11579545
11581216
11603075
11603386
11614051
11451076
11313490
11307110
11317847
11331558
11325255
11405461
11362001
11740520
11327845
11628146
11304938
11556832
11808603
11421994
11501544
11310602
11328061
11310961
11324380
11361855
11305432
11588510
11336910
11342849
11306047
11384470
11333213
11313088
11320955
11880323
11488847
11333775
11313147
11335044
11305015
11329152
11377050
11550451
11311260
11326887
11325692
13597983
11370019
11842900
11493961
11340780
11304181
11930545
11336204
11305053
11315263
12048412
11317322
11306414
12879238
11418913
11306891
11309451
11321951
11702852
11704066
11707490
11721377
11760334
11762685
11768750
11771052
11772041
11778011
11780559
11315956
11358570
11057126
11640385
11655799
11470734
11657290
11672558
11682200
11683518
11441633
11327693
13308532
11305087
11307596
11663063
11317921
11308965
11545453
11546397
11549589
11334375
11569468
11523538
10889561
11582530
11591927
11616863
11620010
11309060
11502451
11320198
11508029
11588239
11309500
11371387
11735387
13075280
11304354
11332218
11331002
11375241
11378754
11565294
11387288
11877787
11550186
11327720
11319727
11340850
11304779
11320179
11968311
11563265
11312510
11316667
11797240
11524469
11928204
11308481
11327001
11317263
11305573
11321841
11311506
11319456
11355154
11570991
11305711
11563502
11305440
12901466
11314752
11305815
11334740
11316405
12882157
13303778
11340920
11312103
11320002
11742642
11550355
11304167
11340516
11566653
11306521
11305205
11730150
11396985
11749339
11756944
11757426
11773227
11798535
11391169
13852886
11648676
11314077
11308804
11304359
11454430
11655819
11661184
11671247
11675414
11344083
11449605
11377770
13656820
11599204
11534881
11545957
11557579
11577867
11578819
11374616
11606020
11583878
11612784
11616987
11693074
11331139
11337693
11329404
11322955
11677849
11331159
11371718
11379318
11307071
11344270
11308236
11706979
11324776
11313627
11675097
11519290
11336101
11308985
11307982
11314304
12027232
11316768
11304640
11764368
11304545
11327863
11323265
11308343
11317217
11314253
11340383
11337755
11306731
12906760
11315724
11341343
11319572
11332695
12059037
11349678
11323228
11311210
11332471
11304672
11307320
11395287
11406260
11421077
11669415
11914444
11318930
11305505
11693027
11645073
11334008
11308195
11307959
11471219
11317716
11312449
11323512
11314321
11343915
11311218
11305708
11679706
11385738
11408920
11388855
11436514
11409074
11415356
11305226
11321047
11584700
11705363
11713141
11712142
11721754
11731884
11732432
11761678
11772581
11774287
11304783
11327716
11319705
11463130
11318748
11627480
11629398
11642916
11650011
11659442
11673642
11682233
11674473
11694360
11695782
11576101
11350716
11370064
11312095
11323455
11310605
11307254
11358715
11485035
11490666
11496040
11508038
11526835
11574079
11581203
11479970
11305753
11892830
11316260
11491555
11342235
11304903
11333910
11306277
11323813
11486569
11556873
11307740
11317033
11306148
11327296
11483789
11553294
11942121
11306034
11410176
11474492
11768184
11307039
11311825
11311653
11304357
11309470
11347615
11511541
11308671
11311259
11320363
11373635
11436726
11312983
11310882
11326511
11304531
11326531
11455080
11312003
11324429
11536901
11348008
11312623
12880382
11309271
11320643
11307158
11310286
11327935
11310383
11712172
11325618
11388629
11321791
11361992
11319362
11343956
11311789
11306046
11995995
11376678
11335090
11348879
11314807
11342094
11714623
11724455
11704008
11740898
11746990
11760531
11768194
11769040
11772080
11796212
11304936
11305542
11592319
13751806
11350212
11397497
11306923
11640579
11652692
11309055
11672738
11675171
11673797
11700905
11312451
11310033
11316123
11325922
11555959
11498015
11516818
11522608
11523326
10946343
11380766
11535262
11563423
11587103
11587548
10432409
11601855
11380477
11431844
11307137
11304273
11306801
11317040
12946809
11305821
12013157
11305184
11502367
11316940
11339017
11912328
11451600
11319382
11820863
11305368
11319082
11659744
11343815
11690258
11510715
11312619
11605724
11598482
11320260
11405298
11316976
12885521
11327121
11310998
11352514
11339188
11307304
11346612
12080332
11395266
11304313
11304314
11338259
11310598
12915340
11911609
11310733
11330578
11319980
13674316
10974935
11704107
11708593
11719976
10070097
11728088
11736911
11739035
11748783
11756925
11307195
11411492
11308862
11305351
11890701
11599018
11353682
11310801
11649733
11649748
11653623
11633154
11661524
11374860
11680347
11694680
11696820
11327663
11364590
11747816
11307852
11315566
11312150
11508596
11508937
11511635
11539576
11539561
11549916
11551285
11570533
11584704
11600808
11610708
11610888
11621764
11527987
11304446
12005486
13696516
11329393
11310773
11794344
11311930
11353751
11354794
11306152
11422749
11554363
11304224
11304644
12907953
11306233
11306781
11325954
11459198
11307546
11474743
11477854
11468236
11411321
11309466
11333167
11304573
11310352
11308457
11309787
11521824
11517595
11314584
11322405
11470231
13675498
11307239
11378899
11522846
11319824
13083815
11569330
11317505
11320431
11645088
11314524
11316563
11530801
11327195
12059300
11309501
11310316
11338481
11339407
11310061
11799963
11346123
11379886
11592945
13556490
11319040
11319240
11311913
11702828
11706832
11707217
11742693
11710669
11733103
11775855
11781595
11746903
11538882
11336689
11720049
11347565
11326037
11320983
11334941
11341368
11308352
11654565
11657370
11663685
11670426
11680335
11668852
11754012
11560399
11468921
11308717
11310050
11684910
11316794
11403037
11388715
11376094
11485048
11485066
11497168
11497379
11507785
11511922
11297647
10004531
11525748
11531105
11535799
11540525
11559524
11583115
11594054
11304451
11601673
11315579
11312273
11325243
11677414
11726203
11321063
11324750
11307017
11304854
11348058
11678481
11312690
11305918
11982300
11312710
11586076
11355766
12907998
11311067
11310305
11579373
11313539
11995758
11444306
11470241
11308081
13656804
11317650
11322520
11308891
11334013
11306362
11329285
11319691
11314537
11583118
11406864
11486011
11344370
11575144
11324808
11308423
11313436
11487549
11325224
11416308
11582640
11315856
11321642
11401452
11310435
11341279
11311407
11463587
11704035
11711933
11648393
10489159
11745356
11746840
11747591
11769925
11783566
11785260
11310001
11611335
11317869
11374871
11305230
11323832
11347944
11932692
11624073
11675308
11677757
11413625
11433493
11666671
11588499
11563380
11320478
11343524
11998955
11930660
11335837
11324291
11653000
11476602
10323200
11538635
11542613
11553303
11561741
11565825
10659212
11583025
11592432
11334871
11612694
11619936
11338511
11735056
11306558
12116473
11332179
11316959
11304746
11304536
11490091
11585641
11323037
11314302
11519562
11331972
11519750
11330289
11325448
11338626
11378009
12031609
11907052
11309732
11318555
11305613
11419932
11735288
11305787
11313298
11306422
11319830
11317623
11332205
11311496
11317512
11317594
11365911
11321508
11461681
11305049
11414232
11326155
11924262
11312171
11310955
11601387
11395137
11315000
11307605
11444949
11485218
13057063
11498530
11702643
11322941
11713609
11707246
11705497
11733212
11677476
11748950
11754797
11758829
11761349
11761266
11599113
10228560
11779805
11779233
11793579
11313933
11311817
11359198
11312529
11710051
11313379
11512679
11636588
11645031
11645186
11640848
11655160
11659370
11666715
11690944
11698127
11700479
11304662
11629379
11634728
11304334
11315933
11479639
11506902
11542708
11570395
11548517
11574027
11573846
11590665
11595773
11597727
11607537
11312027
11306483
11528299
11317348
11493597
11335081
11323154
11304144
11331188
11325222
11318299
11612204
11314733
11327144
11387762
11310182
11314727
11308966
11310147
11414227
11493959
11388262
11605034
11304277
11347713
11313214
11474144
11616126
11318729
11319235
11321852
11307035
11521161
11572201
11306591
11533537
11330695
11778586
11359126
11309996
11334322
11669880
11327604
11322678
13516317
11400093
11305268
11610693
11307127
11322380
11312132
11319399
11336159
11325375
11330440
11323257
11580679
11310260
11334163
11485114
11506953
11728835
11734417
11350577
10404579
11764755
11777359
11781557
11793820
11310785
11348898
11435698
11337668
11313737
11591987
11289533
11639130
11670457
11671616
11694277
11313229
11351749
11316839
11670530
11714373
11350053
11304371
11372347
11327785
11483425
11488517
11497874
10385204
11553269
11563703
11562965
11571333
10938371
11571934
11358906
11594324
11597301
11600240
11311588
11317208
11413838
11336305
11322744
11314548
11310236
11310238
11649695
11308002
11316461
13177839
11315844
11327694
11349684
11431949
11411592
11565431
11317276
11319936
11315120
11318909
11370388
11491571
11305126
11306931
11328740
11643677
11663623
11593238
11315922
11320105
12114806
11601375
11320061
11310138
11322480
11409494
11305018
11327744
11329481
11371816
11880269
13375029
11311378
11312979
11339541
11324748
11556397
11307042
11312959
11451917
11366088
11322555
11705751
11712192
11732658
11505495
11382583
11773967
11312967
11449088
11612031
11692092
11692749
11305033
11324381
11305943
11514585
11318119
11508824
11556637
11310895
11314384
11919495
11306574
11475920
11478636
11480649
11485064
10576392
11507524
11531163
11533761
11458256
11304593
11372163
11315660
11358825
11343883
11519771
11382110
11317941
11308219
13959358
11332488
11795796
11328563
11312805
11993828
11511767
11312341
11305026
11431611
11305365
12052398
11342319
11324075
11832565
11324496
11310588
11400830
11663940
11599266
11806152
11584928
11314375
11325932
11323345
11310124
13458061
11310142
11382367
11386835
11315914
11311917
11315890
11317442
11311286
11312423
13468689
11578861
11310201
11840809
11803328
11322959
11306450
11317184
11310942
11305657
11888334
11304565
11709175
11722733
11724751
11740902
11740692
11747321
11748942
11760375
11767954
11386832
11787078
11318660
11306674
11714085
11537574
11552214
11638346
11636581
11640982
11655195
11657361
11347965
11676446
11397612
11304551
11464972
11314377
11427754
11351315
11304113
11304919
11315931
11304594
11306529
11309541
11306350
11526026
11542287
11541567
11549444
11551521
11585790
11506009
11615781
11348949
11309896
11307119
11739288
11579190
12911526
11323048
11345727
11322694
11320858
11307557
11320277
11422651
11772493
11568833
11304466
11321420
11485279
11324559
11746864
11310318
11367761
11694141
11306098
11320114
11320023
11326401
11312331
11316718
11326943
11629468
13146338
11310566
11317726
13010180
11558774
11564201
11584591
11317563
11308078
11311014
11319720
11414978
11635675
11325131
11320599
11305032
11309448
11312382
11521914
11330375
11308389
11472369
11896618
11319976
11310470
11798782
11418249
11558080
11312785
11319471
11724608
11325759
11306609
11347819
11320030
11360339
11313717
11310377
11706994
11718128
10483319
11747168
11774359
11308097
11319697
11317651
11323190
11308948
11629618
11638686
11657938
11678718
11677390
11687954
13168345
11607124
11321883
11315873
11304948
11315749
11535970
11673607
11326783
11315498
11396829
11312155
11411866
11418639
11317113
11552197
11306678
12940927
11697122
11317265
11308897
11377636
11458176
11518617
11399930
11538504
11576108
11607059
11634720
11320087
11914830
11417409
11330371
11394658
13511015
11304589
11311546
11575003
11311742
11479539
11309351
11369320
11334205
11399161
11411282
11310099
12053574
11311958
11973115
11400685
11339661
11317499
11404296
11311063
11340944
13321571
11314769
11993513
11326031
11339649
11661672
11310003
11915580
11441893
11304232
11618163
11322363
11315373
11318735
11310379
11316069
11653607
11310856
11311950
11367277
11304944
11308638
11312212
11316462
11320771
11355904
11427751
11315600
11330966
11315857
11304799
11790354
11331070
11676434
10370891
11730284
11766567
11765144
11784794
11788942
11789513
10147758
11374892
11309308
11563477
11307808
13595785
11306176
11354805
11611786
11773870
11488444
11655754
11654832
11668121
11692755
11696191
11696824
11701965
11698836
11369357
11311601
11477779
11488429
11461328
11531018
11542349
11542364
11533560
10556130
11569311
11573730
11544250
11416748
11595536
11319844
11602804
11890010
13023615
11304206
11485374
11340452
11334234
11658183
12062677
11319735
11316546
11452244
11307894
11308930
11311290
11985773
11550475
11315316
11311675
11307132
11307038
11495779
11714068
11307126
11351732
11405195
11321009
11439457
11319440
11321579
11323381
11317355
11419943
11361416
11305833
11305584
11312280
11308121
11569374
11325440
11397316
11319615
11659372
11305050
11339496
13080124
11316048
11327467
11349634
11480694
11304529
11304931
11304450
11310282
11310644
11485283
11328649
13013403
11313356
11330131
11653172
11308392
11706996
11714600
11738345
11763246
11761610
11780719
11784532
11789499
11798927
11304910
11462653
11323218
13082897
11679993
11319349
11549591
11331062
11304568
11315002
11339954
11623875
11642682
11569194
11659381
11663179
11587418
10441276
11688018
11700853
11933752
11305283
11310939
11525087
11545296
11019499
11562889
11577350
11580928
11600301
11609252
11476200
11620168
11539459
11677215
11310791
11453604
11318488
12887779
11309111
11306603
11325420
11317612
11316377
11358682
11320150
11312267
13609949
11319047
11336985
11304351
11309396
11558320
11336818
11524338
11415261
11764242
11307886
11318943
12049487
11502482
11313282
11310518
11453700
11718449
11596259
11314987
11339290
11306112
11927977
11970541
11327922
11375730
11310423
11372047
11315104
11307938
11306212
11310851
11891044
11345446
11308349
11318790
12057716
13519960
13526069
11307458
11470353
11583806
11690221
11712234
11510740
11351746
11707262
11716011
11409555
11731497
11749435
11767834
11789509
11325491
12013418
11304815
11324585
11464500
11662945
11488624
11314544
11585012
11624010
11635347
11640089
11662517
11667431
11688139
11696818
11695929
11368025
11727406
11319201
11314334
11380471
11307303
11477611
11322090
11324276
11327086
11665284
11305059
11485086
11545122
11466248
11573552
11574635
11580963
11583231
11584451
11598928
11599545
11604683
11611084
11615028
11308699
11307380
11325051
12031922
11315200
11645679
11405348
11309481
11872171
13026499
11328909
11335977
11669897
11640503
11319445
11316259
11612157
11323586
11311562
11317259
11313963
11307264
12998253
11340704
11304613
11306088
11322305
11325576
11311552
11308739
11327183
11418624
11304872
11451557
11304345
11314444
11384508
11318911
11338568
11304787
11314993
11312157
11311960
11313153
11419560
11770439
11570535
11536767
11307794
11305199
11481938
11338279
11314102
11316055
13052537
11327327
12038603
11313075
11716718
11721383
11733230
11749281
10477609
11564836
11757891
11414389
11770449
11774090
11279336
11780662
11311114
11308213
11328089
11316051
11310953
11626095
11479433
11350182
11642433
11560907
11342666
11660263
11675231
11311428
13292145
12952122
11456042
11318822
11653040
11704000
11532810
11311583
12053404
11463051
11524115
11526754
11524317
11532283
11532729
11539049
11542428
11544194
11570897
11572425
11365950
11578636
11586730
11436009
11588909
11597219
11597280
11604242
11614742
11304250
11306565
11581101
11311898
11574208
11308706
11329197
11314004
11315090
11308113
13511016
11558302
11304121
11305932
11310991
11322730
11325170
11324283
11801945
11320202
11315769
11311417
11313035
11524304
12941345
11318404
11307870
11306064
11365794
11610657
11311052
11304667
11307286
11339260
11317958
11304808
11324329
11821167
11325270
11306911
11308333
11345971
11364987
11307301
11435604
11307440
11306471
11812166
11319099
11307997
11362654
11639286
13923876
12889663
11343839
11307751
11890692
11306749
11306018
11340733
11435685
11332550
11313233
11311032
11351434
11714028
11716414
11418231
11728968
11735186
11627771
11304231
11309553
11320627
11513827
11633819
11791665
11796596
10694225
12057891
11339719
11481941
12879457
11386033
11308334
11311643
12096299
11412506
12960348
11383287
11634583
11642765
11599669
11656598
11662698
11690225
11697328
11312847
11305647
11317132
11629353
11308935
11512849
11381144
11551109
11311523
11369433
11304385
11602978
11730385
11316214
11306855
11499075
11311323
11310127
11815612
11819884
11872914
11881082
11708675
11915306
11670565
11094578
11956293
11326186
11333078
11392984
11550302
11361731
11550382
11590580
11821356
11308324
12119636
11313845
11308127
11815496
11343980
11322092
11609193
11550799
11315812
11938116
11310051
11326621
11311721
12879297
11306523
11531085
11533105
11336223
13144969
11309081
11311225
11367458
11915531
11318808
11339968
11314454
11304927
11329507
11331544
11336472
11355689
11358471
11371861
11382328
11390366
11396567
11406551
11413761
11419325
11420505
11433233
11443148
11444160
11456550
11459696
11469951
11783591
11656321
11896311
11876721
11398723
11311085
11614153
11307649
11305979
11556770
12889194
11942332
11371567
12041438
13629570
11316082
11306562
11323278
11333955
11318749
11439282
11800281
11818185
11823270
11460381
11858269
11802122
11360394
11391252
11731389
11527530
11306782
11323910
11310680
11335933
11887230
13920359
11599013
11305936
11306072
11304089
11321149
11305630
11561731
11656441
11316931
11305857
11493448
11599416
11304826
11384680
11308054
11593964
11322902
11305412
11557611
11493516
11305065
11453560
11364225
11307844
11383852
11316388
12099216
11324570
11336484
11562317
11283839
11351206
11378764
11373830
11388311
11400441
11407909
11427791
11349786
11466762
11321813
11316031
11560012
11332082
11309914
11348707
11319388
11305091
11310617
11324211
11351774
11332169
11313505
11330943
11690531
11696816
11306908
11307176
11311356
11537223
11332320
11796163
11314780
11537438
11322656
11317082
11488415
11608984
11595451
11495234
11325190
11821164
11548875
11793333
11662523
11330319
11343694
11325324
11319215
11462894
12946558
11319654
11911702
11479465
11308929
11326687
11558072
11333985
12033398
11388639
12885573
11322938
11305445
11306708
11313016
11389123
11311132
11345342
11309175
11312488
11318211
11316437
11491329
11683121
11530939
11327172
11351188
11309298
11378908
11377459
11411446
11410922
11414701
11460958
11469086
11305715
11594202
11391503
11317819
11994033
13757962
11392261
11561425
13076579
11488658
11309410
11559554
11317743
11317705
13647065
11307081
11333013
11580821
11644184
11636563
11660280
10896693
11662753
11662942
11668926
11669380
11724109
11360132
11391532
11309202
11311038
11485901
11310846
11445674
11404225
11308849
11365899
11312015
11336276
11306919
11309109
11317697
11308386
11549426
11323488
11590458
11316088
11377283
11315277
11323308
11602741
11810538
11817549
11849682
11863052
11881111
11890193
11894979
11933033
11945006
11314593
11307333
11334938
11308748
11610326
11328156
11447691
11306684
11535539
11336306
11397412
11318676
11311597
11317357
11324402
11556700
11330712
11337822
11310854
11317911
13026086
11305520
11394423
11322692
11311188
11320410
11630774
11331248
11789491
11304253
11318920
11312080
11311231
11324473
11284295
11349632
11334670
11383533
11386713
11406540
11415214
11472776
11304484
11318617
11317072
11435638
11309254
11387141
11309487
11565195
11328147
11305295
11308753
11317189
11347854
11305952
11316746
11364971
11397043
11587630
11395537
11422104
11418554
11371648
11305872
11311381
11305781
11316928
11358475
11310540
11307512
11602856
11569085
11665408
11366959
11316498
11805028
11839798
11910050
11805114
11598238
11930533
11944406
11478304
11306587
11316613
11321666
11316813
11304970
12936980
11307154
11374424
11447825
11622252
11316844
11319969
12120617
12902671
11310770
11713712
11315354
11378726
11318782
11594532
11971296
11618443
11316691
11612665
11310278
11675056
11306341
11661553
11334303
11754804
11309703
11602566
11326549
11553690
11316150
11316185
11396648
11339109
11312940
11325679
12879398
11307153
11311491
11292454
11316471
11325136
11340599
11349692
11351404
11402379
11439538
11451442
11455913
11473893
11312647
11338516
11314858
11343484
11315612
11336871
11321755
11327266
11316640
11603701
13164665
11342348
11339877
11373602
11306085
11325251
11309962
11307332
11343713
11305972
11574607
11317279
11310586
11321102
11889037
11322391
11527002
11327780
11791762
11316514
11329383
11643222
11405698
11393064
11309575
11318581
11308716
11595628
11510185
11779185
11307350
11455986
11404465
11397847
11823187
11879814
11823086
11892018
11893967
11825830
11928146
11307290
11315699
11596360
11309606
11453407
11788601
11307786
11366167
11711008
11801972
11310110
11379306
11308074
12102261
11659235
11637124
11326696
11307364
11307482
11346338
11321900
11603632
11407484
11309279
11317845
11315760
11308109
11304346
11638954
11315737
11306589
11400033
11348344
11339430
11320081
11316860
11972978
11591003
11359493
11313813
12110442
11308793
11284248
11344402
11371803
11374763
11414386
11427298
11436020
11459829
11467209
11324061
11413677
11308229
11411564
11307312
11306625
11549738
11323298
11801514
11433527
11309527
11325233
11332277
11311204
11323331
11308981
11589690
11334620
11526892
11304072
12076731
11359465
11480021
11633076
11657362
11657368
11658577
11696813
11394313
11309881
11369491
11661252
11667213
11399200
11320330
11411683
11325481
11398543
11313872
11315794
11356521
11335227
12879314
11318545
11346515
11304987
11477265
11309742
11807382
11823296
11836577
11844281
11888141
11467373
11899115
11822772
10971362
10950091
11377018
11395762
11380200
11597340
11522720
11313216
11590570
11313188
11319147
11308898
11310002
12892596
11431662
12942705
11329100
11817917
11383859
11323387
11465994
12079003
11376384
11565977
11310504
11396761
11281050
10402453
11340437
11344488
11359914
11279130
11388288
11411209
11411345
11413937
11429945
11438576
11388052
11457018
11469723
11329237
11549941
11539417
11310565
11412528
11384060
11313424
11304430
11457520
11863566
11597245
11459458
11356557
11317228
11730327
11308345
11313116
11557662
11304837
11305659
12973449
11562225
11800029
11316719
11703943
11823226
11495862
11307211
11743420
11378934
11309723
11313177
11451037
11537253
11380085
11778986
11312026
11558750
11436284
12006149
11817898
11825138
11874211
11894922
11894852
11901124
11307552
11314530
11593213
11330518
11354130
11379704
11702915
12058126
11768564
11422773
12946736
11318630
11907174
11310913
11308413
11316934
11316411
11315149
11964218
11471493
12884039
11615287
11435884
11317784
11708820
11305998
11672524
11359177
11367109
11788135
11510103
11329139
11353871
11411925
11355162
11471490
11327583
11313007
11304143
11446059
11317635
13033577
11411338
12083210
11316615
11731405
11317205
12905740
11304794
11444304
12076887
11319322
11406293
11765930
11378705
11307714
11316497
11335064
11466842
11309757
11800672
11313372
11399178
11458536
11304154
11328636
11334057
11512007
11323751
11388749
11359262
11304853
11307218
11326706
11990714
11803473
11316598
11312597
11312216
11320152
11304587
11819086
11819236
11573326
11850969
11865045
11887846
11907751
11283777
11785233
11343366
11439168
11319338
11320039
11320625
11334384
11317886
11506610
12943908
11487954
11310442
11308996
13598376
11305895
11594253
11630880
11309211
11565415
11316085
11310585
11705691
11317190
11443754
11330531
11730355
11319285
12106311
11304455
11315562
11396989
11315499
11306305
11313228
11306635
11307260
11308990
11345494
11346455
11292285
11279028
11443546
11445831
11449036
11472496
11304168
11335198
11316572
12921409
11647733
11573550
12085571
13172596
11505503
11371440
11336018
11322180
11640426
11305898
11402504
11339460
11306890
11311865
11312666
11346902
11329594
11353327
11499766
11306545
11312943
11368178
11306930
11311933
11355388
11446285
11324636
11460858
11315452
11307584
11312430
11436376
11550699
11688737
11308273
11317199
11312975
12027225
13026114
11308346
11443628
11783508
11963848
11352081
11317014
11805997
11810751
11812113
11816781
11398326
11890048
11894851
11916214
11933046
11304937
11357368
12883475
11326905
11314468
11462649
11317369
11435653
11749533
11345941
11374796
11475997
11315109
11305597
11406801
11325523
11306924
12921447
11343735
11332575
11510528
11316700
11308568
11599996
11307755
11330944
11310360
11531205
11304439
11615829
11308414
11532801
11452222
11280595
11288736
11294122
11364721
11288654
11378573
11379019
11389002
11451316
11471285
11898646
13672254
11310940
11311673
11314882
11331016
11362533
11314631
11336564
11477119
11314801
11308361
11364939
11640913
11390130
11451746
11313604
11751221
11306177
12104467
11365724
11311224
11315788
11586422
11324455
11721321
11307960
12031950
11314485
11459491
11694875
11308905
11602759
11324242
11832551
11321523
11310044
11564692
11493458
11634901
11307974
11304076
13297784
11472300
11339912
11804004
11864659
11601843
11314545
11579696
11333890
11323659
11842910
11319315
11432415
11460803
11310355
13012266
11711002
11459971
11326407
11319277
11319495
11349902
11802145
11321630
11950755
11305540
11306308
11325314
11316041
11307831
11304562
11305258
11315447
11337626
11560476
11305707
11622219
11573538
11312560
11443627
11316332
11305228
11304643
11349046
11353569
11310824
11406491
11422007
11421938
11426819
11304710
11362717
11617262
11386764
11772392
11316007
11339448
11309073
11667932
11755805
11372433
11308847
11308276
11306216
11307989
11308166
11313338
11678006
11398747
11312992
11304266
11343757
11499578
11557647
11372460
11329209
11327510
11479548
11317715
11516660
11511917
11335930
11339281
11311741
11310772
11307832
11308279
11484178
11660796
11925734
11490300
11436803
11620180
11323874
11309520
11472297
11468160
10978620
11844081
11868556
11878070
11490176
11892732
11930363
11940808
11612145
11322736
11320458
11993459
11729468
11313220
11324982
11304971
11391126
11561076
11328621
11550714
11736258
11313945
11316042
11767138
11979081
11304259
11307204
11785478
11307874
11318744
11307501
11306503
11612918
11316588
11309586
11308757
11379026
11321728
11690450
11490099
12879669
11309286
11339354
11309004
11499155
11300879
11320148
11326761
11327463
11332542
11395367
11416761
11427744
11435769
11461598
11451021
11468964
11331283
11495815
11311367
11304116
11311842
11311851
11328532
11413849
11659328
11306681
11636313
11322095
11310708
11622103
11658379
11377684
11452095
11588379
11312016
11316201
11687165
11304717
11312089
11319103
11324581
13560267
11455629
11329389
11315505
11327474
11316242
11315215
11745326
11309709
11572176
11731759
11330871
11397262
11507127
11314128
11308020
11802175
11812231
11824278
11876896
11880847
11894239
11937013
11312764
12056746
11304596
11607970
11320390
11356646
11461810
11312425
11305742
11326503
11587080
11308571
11595149
11484702
11318871
11663426
11329557
11312491
11381611
11522546
11343826
11386104
11319232
11314241
11461373
11307888
11309392
11539573
11304110
11308347
11483383
11321057
11320280
11304465
11794512
11329608
11399107
11334219
11304440
11340595
11312621
11308021
11318950
11309555
11335858
11318682
11329256
11315428
11319263
11279177
11314778
11323309
11354945
11360009
11370203
11099338
11448835
10535088
10911222
11341491
11327390
11328982
11307969
11324805
11775986
11322293
11613576
11311238
11411968
11311377
11693037
11314498
11320819
11882982
12027182
11335922
11378796
11330388
11519400
11489789
11347754
11306448
11305980
11313139
11313688
11310568
11311392
11307871
11370027
11433431
11318563
11309917
11455068
11320422
11316217
11491442
11335780
11811995
11879880
11884084
11918671
11319425
11326244
11322686
11574531
11326041
11635163
11323217
11323456
11575187
11550169
11310651
11798177
12025661
11322176
11391165
11329671
11320230
13540312
11312802
11308009
11314435
11417016
11332133
11369897
11304965
11385069
11494008
11620933
11597354
11557927
11336074
11534672
11310077
11329262
11520797
11471862
11700341
11339098
11679960
11318159
12070444
11652500
11315555
11290469
11322285
11335835
11347776
11368172
11379711
11381172
11421859
11422334
11448746
11472881
11307165
11322384
11307498
11306929
11321849
12114605
11304940
11783221
11305324
11686951
11580567
11788718
11364507
11339482
11329025
11317207
13896794
11312054
11327883
11455107
11306616
11681388
11311663
11309339
11409025
11494203
11305719
11305485
11374875
11576203
11311726
11305441
11381374
11348919
11308465
11311357
11379714
11310845
11315287
11805287
11815339
11815672
11348328
11857424
11875600
11890170
11890657
11896472
11910216
10895988
11927671
11331192
11351867
11312997
11333453
11309634
11951859
11325993
11307299
11306713
11374865
11494877
12880864
11305735
11702537
11581170
11635013
11311970
11899085
11568659
11316328
11309774
11770938
11318738
11476424
11304798
11404323
11438695
11334371
11377519
11890202
11320598
11538780
11333771
11317571
11446937
11406492
11283864
11353027
11334141
10721557
13556347
11454125
11376143
13484563
11308995
11442332
11657311
11305882
11309653
11863830
11351545
12895523
11497396
11309460
13595798
11309484
11353098
11376656
11734266
11304349
11589108
11465009
11935323
11384926
11319788
11319893
11965995
11309385
11321818
11306351
11453082
11308681
11317511
11320076
11310304
11306515
11933117
11324701
11321573
11304372
11656248
11611316
11316942
11690300
11985333
11308632
11332767
11311185
11355803
11517404
11971311
11320701
11332494
11318937
11626390
11804958
11817882
11817859
11833448
11876244
11880676
11744227
11548738
11917833
11928033
11586479
11314054
11318876
11437265
11930284
11322922
11398595
11309950
11382572
11595622
11617205
11315543
13292152
11728713
11549700
11712676
11599095
11310177
11316432
12031840
11361182
11374465
11305689
11361120
11955589
11613492
11313661
11304152
11308805
11305566
11539249
11308623
11304584
11321889
11302816
11355651
10897462
11296272
11438660
11451784
11286502
11501603
11721038
11349742
11335400
13144999
11930701
12930454
11342865
11724381
11578010
11310946
11317670
11304157
11396653
11372508
11304251
11331339
11696100
11306457
11349655
11483463
11377416
11332675
11368496
11322183
11696809
11696812
11313899
11654745
11649991
11317111
11405317
11304370
11309651
11312618
11306806
11305567
11670569
11313191
11451239
11486864
11310607
11326070
11304674
11313034
11635091
11313660
11807840
11822715
11835717
11911506
11632980
11317487
11649811
11318758
11537591
12049479
11318805
11311807
11371640
11314348
11332784
11676627
11336464
11614350
11374760
11305186
11494314
11320375
11348068
11511806
11312929
11323414
11308365
11369292
11612175
11304242
11551841
11512660
11574284
12898201
11325401
11305973
11308250
11414093
11371579
11315921
11308196
11305605
11460082
11399131
11608139
11305883
11315298
11550422
11312407
11329230
11493940
11311265
11312300
11781087
11482534
11320791
11504232
11568259
11536869
11333069
11339743
11309280
11311585
11370101
11305288
11305238
11344675
11796485
11325558
11326909
11345740
11786228
11306493
11331148
11307728
11305090
11343856
11325316
11309637
11341084
11532035
11304701
11609786
11479907
11316989
11501613
11307441
11579101
12879177
11411893
11398813
11320196
11307637
11807350
11322720
11332617
11314749
11325061
11770404
12960545
11638364
11332577
11311521
11304913
11314378
11462719
11317229
11314571
11313940
11335193
11397368
12897721
11318845
11658196
11318737
11365430
11466962
11509992
11595511
11306829
11315227
11306084
11367162
11306193
11313648
11310893
11413632
11306791
11346124
11475583
11309901
11476743
11379697
11327364
11932951
11316604
11598873
11304197
11306995
11324651
11338656
11648429
11310243
11317719
11315290
11313348
11938028
12060184
11349667
11640133
11304530
11320807
11454577
11316442
11332024
11475708
11345598
11308325
11308662
11307686
11586449
11352325
11815395
11825160
11804963
10897944
11898357
11904592
11928777
11957582
11309645
11328931
11327554
12989356
11397721
12997767
11427280
11590036
11311083
11309176
11306938
11777883
11329130
11319926
11688360
11308882
11642823
11381558
11312227
11356925
11309281
11307089
11354431
11327568
11400419
13736544
11311312
11352162
11482044
11682340
11463260
11585291
11373864
11312065
11415023
11311274
11325562
11308950
11810497
11333151
11289872
11364548
11376841
10962259
11388075
11388877
11396005
11411490
11416774
10907764
11431475
11459647
11463780
11463606
11439055
11383933
11327465
11377158
11481823
11309088
11652975
11345268
11314653
11312377
11435774
11325373
11334611
11318669
11316013
11315773
12067542
11304735
11469342
11393190
11332233
11323590
11304858
11314998
11311642
11311474
11306218
11620030
11566256
11684257
11307650
12879334
11559943
13026082
11318902
11513686
11554100
11345452
11306588
11439635
11307430
11658051
11319207
11476750
11409294
11394713
11312633
11411601
11560616
11320339
11379707
11420277
11316853
11599559
11376877
11306189
11636464
11316310
11320188
11559548
11315332
11309157
11336015
11411171
11621641
11312766
11321705
11817066
11858335
11883325
11892464
11084762
11908824
11935602
11317389
12006057
11349145
11731393
11312905
11397184
11319979
11742108
11324561
11304057
11310806
11331100
11306259
11326215
11325269
11563795
11431678
11454450
11763127
11328098
11382567
11449102
11328671
11915576
11316961
11325066
11892839
11532781
11781031
11311448
11536468
11304907
11289287
11340427
11368348
11368398
11396245
11473829
12057048
11308752
11346375
11309114
11317469
12038345
11307985
11308254
11334039
11307360
11311757
11315136
13961319
11549491
11315358
11316616
11903731
11334628
11494168
11330398
11305841
11314092
11305904
11325177
11632960
11315819
11316459
11806007
12112724
11318742
11322568
13660921
11317158
11669839
11310684
11621710
11315715
11306038
11534871
11386044
11367051
11485826
11632713
11327879
11308451
11310219
11370227
11315738
11805273
12113160
11366976
11319643
11323330
11307085
11528161
11330763
11319684
11320704
11318954
11572099
11684405
11304732
11317746
11362122
11537177
11310867
11553258
12879182
11433504
11318203
11331273
11312872
11305501
11338339
11338081
13586911
11311810
11406919
11493511
11310148
11310784
11320313
11323717
11568988
11316454
11388356
11311723
11328805
11305955
11572105
11740807
11308714
11348931
11319496
11891004
11308050
11309573
11364972
11812507
11320245
11305438
11314165
11562844
11311901
11810306
11812343
11813821
11824214
11841260
11819666
12046014
11308041
11635470
11334589
11319923
11304281
11634590
11373741
11450156
11314405
11319859
11304985
11741460
11324833
11438707
11306815
11311679
11784094
11312875
11306258
11305478
12095918
11304980
11306759
13615378
11323194
11307526
11308402
11306534
11591965
11322201
11439751
11306292
11310039
11654326
11312260
11898952
11306421
11345828
11380412
11388867
11396851
11452764
11590468
11349651
11336811
11314843
11377189
12995868
11681207
11469134
11321492
11309168
11305640
11327765
11334398
11311993
11807120
11631754
11640749
11318504
11306497
11320542
11374026
12879680
11561316
11427507
11527802
11319295
11745108
11319009
11761383
11306339
11311760
11315306
11317763
11409543
11457500
11768181
11549606
11310589
11321198
11590747
11382210
11324828
11537499
11309539
11329674
11547856
11732984
11842851
11856361
11795894
11867983
11930210
11932826
11525390
11376820
11304647
11304745
11310622
11316275
11308362
11512729
11566015
11392840
11681154
11501570
11463247
11538738
11328870
12886245
11315820
11695739
11306886
11490597
11383798
11327365
11306096
11351282
11325539
11325740
11308595
11348007
12084226
11307621
11314346
11308833
11388258
11314504
11322064
12063021
11809836
11329077
11311099
11310332
11323015
11300876
11309939
11387894
11427312
11444401
11317685
11310976
11493313
11615814
11369324
11454184
11998740
11322108
11306411
12112995
12880715
11311471
11447942
11521846
11313675
11695735
11312612
13586954
11387970
11461348
11323441
11313277
11625870
11329469
11312302
11310357
11307491
11307970
11321723
11310692
11308497
12011790
11304519
11364716
11337832
11417296
11332966
11706924
11336663
11317570
11393391
11520777
11811735
11814434
10882892
11825521
11917421
11911724
11943105
11571931
11307336
11341320
11618638
11326597
11316661
11312536
11307965
11308485
11683974
11321734
11491795
11313146
11333207
11306755
11356606
11308010
11317287
11761331
11334161
11324384
11313936
11304361
11308328
11346325
11344567
11316937
11315964
11551300
11687957
11309811
11560026
11310978
11339288
11339459
11348608
11390633
11407028
11472281
11411883
11316112
11812412
11306440
11308713
11783019
11571964
11312564
12941338
11315511
11481848
11318492
11550358
11305805
11700330
13490073
11686834
11316880
11349520
11322046
11697613
11428260
11307746
11422859
11317742
11365841
11309530
11341300
11311011
11322919
11309340
12104874
11311994
11315338
11304906
11315652
12077110
11322585
11307449
11599312
11521632
11347497
11420895
11323481
11334779
11316841
11673848
11418720
11692458
11690476
13168359
11512662
11345892
11305066
11414590
11419182
11444784
11315669
11305866
11305897
11629125
11551281
11535299
11305509
11307642
11304848
11307138
11327731
11464982
11744101
11307473
11803342
11805279
11879773
11893111
11907106
11935946
11306617
11550103
11369340
11313721
11344388
11319862
11306951
11310871
11498448
11396911
11317628
12032311
11311941
11805478
11594032
11346635
11315763
11311339
11325609
11782249
11311889
11381047
11590584
11304896
11309442
11680313
11332100
11307840
11310584
11553309
11317243
11365396
11390202
11391894
11394607
11407014
11422515
10307619
11472900
11308265
11315587
11315430
11311605
11316540
11531683
11320670
11305162
11966901
11335189
11310203
12889665
11358675
11377430
11365656
11311364
11677617
11319688
12879215
11372288
11310259
11608800
11394516
11384041
12041383
11514710
11319065
11323570
11311000
11308357
12065048
11312323
11308322
11308371
11723153
11310676
11321845
11336315
11584656
11819874
11826155
11915091
11707327
11926074
11928951
10460818
11350545
11324430
11305660
13637234
11307345
11597092
11314147
11333280
13703590
11305247
11309990
11311557
11310407
11318011
11402305
11570673
11306178
11309587
11312409
11309127
11320867
11309122
11415933
11928836
11387753
11305477
11306913
11309429
11308894
11319401
11329175
11338134
11319105
11416020
11421871
11305960
11330265
11334479
11305529
11318697
11311953
11326178
11418817
12005598
11308300
11387091
11422933
11305940
12003364
11329363
11313276
11319188
11320457
11538713
11702416
11314355
11356147
11638591
11621191
11316194
11331450
11454903
11306826
11489041
11316502
11409771
11325367
11305103
11308750
11315924
11311540
