13088695
12627438
10604186
10326689
13813945
10740774
13859735
10925797
13809590
12031273
10967727
12795365
12871539
13818839
13673994
13792241
13766110
11773742
13880835
13741957
12962674
11810916
11083131
13239856
13872575
13861092
13885095
13804596
11502970
13826287
13802047
11468911
12895387
13895130
13578903
12168846
11290687
11467119
13233181
13857256
11654015
13398310
10927442
12864624
11351708
10947820
12995419
13113790
12593003
11600194
13720372
13919885
13877094
13021637
12795965
10063943
13789892
13769218
12704665
13783115
308521
13876947
13873222
13206078
11014897
11772032
13872880
13224399
13194627
10974485
11296493
13597188
11177039
12007462
13447872
11407343
11269243
13893556
10929410
11965572
13894592
10534121
11812917
13759059
10946577
13885535
10527052
10924217
11578154
13282135
12994421
13721317
12767343
12914575
10197280
13892666
10873999
11692388
11087643
13830509
13235941
11482615
13899527
10379346
10807390
12220363
10839034
12754467
11133895
10208254
10928909
12259166
13806881
12141304
11307726
13613493
13871186
13648038
13285201
10207992
13817881
13868628
11082438
13858128
10096994
13897507
10189343
10460707
13364140
13032405
13798103
13642030
13556686
10814771
13340794
10848705
13895047
10591067
13678353
10892174
10874175
13651207
13867210
13682758
11293674
10799765
10486440
13807313
10622521
13883924
10546140
13878026
10713624
13789334
11912062
11451715
12384766
13350089
12827159
11557930
13813831
13827227
10927401
11357009
12731090
13810770
11020985
13852224
13366641
13884334
10200293
13109815
13109824
10848772
10775961
11299153
13873508
10927413
10710280
11500189
11705462
12312459
12941066
12910831
10941318
13867898
10279911
13798760
13204072
11609935
13626115
12918123
12845740
11580877
12206190
12406864
11429688
13552712
13806694
13615245
12425385
13217687
10618702
13043667
10219572
10923867
166602
13339118
13404276
11361385
11804981
13810666
13829144
13822056
10968792
12032434
550565
12866229
13871800
13346791
13129216
13778126
12321025
13881235
13809035
11736485
11482602
13884018
10428954
11173088
11300595
13540393
13393943
13364518
13763264
13830644
13654781
10527700
10763853
12121609
11970519
11324541
13584094
108964
12271864
11992674
13875043
13850252
13128491
13803533
11723131
10462789
241809
12813457
72619
10577953
13261437
13005102
13139983
10526968
13496927
10722860
13877926
12099758
10901676
11720540
13231120
10924475
12932598
12547203
10453511
10148299
13120894
13017819
13029945
13618943
11815683
12213183
13871851
10723482
11204257
11463091
13804035
10529449
142795
13685891
13696946
13830898
10926818
11381115
12870356
12184984
13497854
11601705
11492132
10019721
12641283
13739637
11681227
13065740
11354905
10605662
10740634
325473
11412589
13805273
13837348
11089288
13783745
10924249
11495441
13895055
11202323
13436688
13884834
10252452
11767615
13894038
10912713
10771028
11471069
13875325
13864454
10924815
10976336
11317293
11388515
10961232
13818041
13480793
10715379
13666409
13620920
12632341
12035465
13381717
13523615
13170227
10432840
13805780
10439103
10420431
11802121
10751860
11431317
13932306
13218781
13804424
10140848
11345671
13803839
13116653
10684560
13889508
13660946
11483955
13912052
13654193
10769463
10546557
10568464
13671694
13838912
11352895
11204528
13893692
11354876
12952499
11616821
10897223
12756599
456793
10929608
11298817
10789926
11607924
12909633
13741884
11557934
13870956
11417237
11443765
11286050
13896530
13144658
483845
12311982
13205730
12989232
11453705
10924366
11631723
12337953
10930400
12957491
11336833
13809033
10683825
11764238
233241
13214386
10414330
50967
10164057
13871491
389186
27037
13864616
13891511
13897207
13908512
13919663
11515961
10991709
11132151
11755364
13335896
12750869
10921904
10379958
11388620
13615577
13597141
11278208
13853687
12792907
12417716
13845289
11584278
13919703
13319017
12029627
13354122
13014779
13801446
13374837
11513532
10931410
13007058
10926579
13393456
10457279
11016792
13826950
10651068
11629884
13830844
12493099
11559139
10458000
11089325
13903565
11737219
11810893
11749740
11226793
13015584
13837467
545756
13865046
13741375
13883077
13508981
11575693
13770990
12152454
10346535
10171750
10205890
13893954
13897534
359744
13858824
133806
10761244
10196686
13875642
12305042
10182668
13678593
13739097
13738060
11370686
11821409
10749966
10770100
12751667
12662842
12750236
13810723
11826675
12276055
13694278
10617975
13317639
12273775
11553372
12323258
13079497
11000719
12836250
13808440
13094718
12007157
11833908
11576352
13827651
13725419
13871739
10107839
13808798
11970800
11101776
10926014
13903488
10202294
11348596
12506705
10415078
13813948
521953
12930519
10603476
10926397
11086065
11908101
12284233
10838257
13804739
11966611
13271900
13843608
10946621
13806841
11881485
13212236
13141496
13820090
13520045
13809587
10936220
74706
10974546
233530
11335058
13747151
10929752
13341458
13493726
13118562
13258597
11476079
10623602
10916161
10763699
10786694
13828594
11599169
13066281
13648516
13657827
10688066
10528678
10686090
13182317
13594080
13813960
11597497
13710678
10986081
13174327
10176905
13833398
13473526
13804142
13713487
12150259
12277485
10379286
10611163
10790286
11626216
13229159
10763768
13277941
13344224
13833406
10561398
12955121
13864599
12877734
11508967
12845018
12255136
10202168
10557004
13775883
13797080
13830206
10925908
13079353
290509
13608383
11789516
11140794
405257
11820743
11570068
10926411
12320255
13827962
10434068
11100733
13895284
10728265
10969999
349782
13789286
13236756
203224
10893054
14981
12208653
11275379
13704172
12293890
11551633
13827343
11208181
11442594
13812717
13745152
11568194
13798053
10700829
11279867
13296335
10602557
11535975
11456136
11748569
13870428
13916193
13861655
13171035
13789356
12283661
10978858
11845533
13819600
10925020
10909864
10496352
13871876
10931979
11697946
13688806
11009614
13839798
12105480
13823100
10933676
11657210
10372942
13597227
13618965
13121761
13099303
13085675
13057629
13818322
10964375
13896180
13853317
332445
13642184
13803739
10579180
13808714
11512577
11079258
12437400
10441543
11019553
13017214
11223681
13502534
10601331
10320158
13242282
12197462
10592652
12205470
12586938
10930260
13211068
13723655
13832444
13290303
12913467
237849
13904658
10340958
13491620
13909259
11003782
13900629
13904342
13677997
12722712
11567109
13892531
12042675
12442770
13898013
13890571
10571028
11335313
13696048
10760614
13810418
13834715
13844580
13817621
10969743
11617170
13273275
13630555
10422169
10434257
10763852
10926822
13859371
13834524
13893226
13761531
10486408
13197801
10467175
12241977
13234829
12867210
10645458
10658263
13714779
13060743
12132331
12224443
12189466
11283766
12821357
12220715
10934909
10664073
12285748
11539425
13379068
13805294
13916249
13799340
10941199
13811872
11289645
13174143
13911742
11354081
13722633
13214498
13410214
11960250
13889646
12205413
13197882
13876653
13433135
12235603
13008444
333946
11300038
13885482
10116644
12228477
13477813
11670674
13805370
11136034
12998534
11803947
13323332
13756653
11898303
10968072
211403
10926232
13765977
11450158
13762962
11039493
11418147
13700295
11287180
12956334
174129
10382807
13889542
13662766
13705448
13827670
10886732
10917135
13059678
10958433
375628
11546629
10703911
10136956
10965989
11072760
10982396
12187119
10852289
10560874
12038110
13760296
12296316
11326729
10504169
13903077
11468434
13865832
13073855
13195546
13838758
10450579
10401831
10929151
10929482
10924586
10926068
11312467
13012797
11339086
10925414
13703000
11451248
12212045
13150986
13835870
12123776
13221244
11955075
13853224
13296254
13616640
12871982
11074416
13413539
11456142
11452584
13492499
11978180
10658409
13821387
13761090
11756549
13674382
11096531
12048691
12345708
12067863
11590822
13722246
13508401
13770715
13771628
13814895
11396078
13541444
13751961
11228310
13749420
13071483
13382048
13619754
11690692
13740058
13801395
10701179
10703290
11135979
13863535
11129509
11445825
13496859
11455645
13798853
10789444
13911826
12997529
13775111
11349804
11760934
10648566
11084227
10925065
12260038
12979916
10939381
13894150
13873980
13734783
11532898
13199568
12293866
12096443
13913709
13409828
12915390
13875026
12511338
10886857
11961101
12401657
12197497
12072787
11416770
19693
13627157
13874400
13306824
11461581
13432350
11218972
13907232
12318612
13901079
10839218
10592077
13868080
11219368
13834966
12666289
12785194
10468768
11965518
13596551
11412819
11996160
13837499
11578228
13159825
13918063
10671858
13831825
11898729
12994489
13859726
11896661
10571336
11600776
13243237
13114363
11323629
10427243
11795736
13039962
34501
13850177
13250140
13342967
11512384
11664235
11133905
11161229
12523061
10925672
12808056
12000755
13862788
11361448
10703024
389749
11633064
10401263
12033123
12218989
10578124
12990173
13498300
10199447
11856141
351545
13829521
13864503
13705152
12667084
10197522
13288432
13312211
13339116
13098081
13845888
12600955
10896840
11469502
11360639
10786929
11999450
13738361
13866298
13718034
405361
11666649
10923543
12099209
13491241
325017
11519476
12910796
12449880
10818683
13311292
13368620
10594889
13823359
10957769
13848106
13855974
10975905
10980052
13627407
11316148
13386465
11979560
12094287
13234869
13298238
11877728
12159836
13764845
13901556
13528498
13087536
12299735
11517892
10163438
13428227
11429494
13415768
13274015
10623322
10896477
12254980
11788441
13771448
11280418
13129848
13336097
11335248
12930880
11510430
10425497
12484761
10883176
13815113
13743163
11275449
13482887
12038976
12750085
12335683
91675
10955244
13876037
13561816
13895650
10958901
13893368
10867230
13247021
11179195
480983
11637843
12835302
13782865
12583665
13636364
10753612
13811382
13820772
13343517
12980625
13032338
11724628
13841192
13835298
10894173
13812340
10232880
10530102
13804213
12540195
10598167
10473269
10538210
13917455
12070118
13794982
12848709
13039021
13834980
12719142
13014474
13848471
12884630
308899
13803432
10638848
12975878
12958954
11224796
12607907
10885194
10584990
13730211
263196
13069961
13765117
12422029
11933996
11768291
13386698
13619827
10051452
11236096
11098396
10229158
13451081
13823021
10339823
538135
10441503
11622931
11575225
13528772
275093
13830692
12081055
13184771
11684603
10628540
13855492
11395049
11626455
288934
10987937
12653381
11215802
13781639
567469
11672689
13842287
13875566
13815306
13710964
11364026
13896859
13846764
10990707
10914238
13803868
13428049
10924313
11285306
13818852
13924405
10677039
10482778
13200123
10559793
13703403
12170478
13771361
12995622
10724987
13928429
10662922
13681439
11368153
10702157
87041
10448584
11518600
13865813
13825671
12467280
11449215
13882828
12552761
13727354
13448988
11311850
13718793
432543
11763125
11445813
13789681
13560482
12222635
13112316
11324278
12378966
10973554
13113555
13175475
10974788
13851530
13724341
10056496
13811498
12366186
13648249
13466249
12411211
11362550
10963079
11379577
11004604
13776064
13825821
10164786
10610220
10899832
13814787
10654616
13762237
11102464
10288838
10358260
13485798
11633855
11527371
10925429
10381015
10733271
10741479
12021036
12512592
12818163
12938681
13406298
13893997
13868319
13643631
10761236
13703795
13041023
13327243
12234789
13883008
10701308
13767228
13867315
13777576
12162135
12935044
13054345
13831702
13638104
13075696
10671125
10578313
12977912
10938070
11779576
11379845
12137406
13623038
10948649
11027407
13805578
10201058
13776371
13903069
13490706
10611162
13742364
13768821
13858716
13012299
11288770
10355879
13320383
10647903
13890521
13895113
13316052
10718279
365473
10605605
13874016
13710296
10542078
13805895
10042091
10908960
13542206
11304047
13785404
13812269
12372773
11355161
13720245
11499974
13785720
13213231
13574914
13243495
13737681
11499989
11523911
11708950
12075035
12130692
12164036
10040342
13805392
11600031
13370977
13889733
10763094
13234755
10178102
11445203
10670030
10589969
10407419
11099009
13333115
10965439
10303559
10931293
11813237
13893262
13772575
13874074
13637511
11335068
12476734
11316057
13827724
13243785
10814587
12990424
12075776
12988301
11340568
10626007
13724569
13803887
412414
12238140
13868952
11190154
10906943
11700474
11769081
12327781
11745486
11639509
11476032
11588680
11611489
11489364
10652613
11330126
13783546
11546210
11613770
13714488
10796556
10932183
13222193
13661353
11529484
11363066
10873466
11221235
11560323
12085071
10173670
13839801
10603792
12627533
536719
12260567
10926478
12055872
10810901
12255675
13378565
10975369
13780283
12099136
10935018
12991284
10966071
13385568
12752809
13891574
13688685
12964434
333726
13765770
13623844
10534167
10616163
321360
11317128
91860
13888215
11718239
12562615
13260291
13868380
12926357
13887484
13687123
10678627
13239168
10161069
10161135
13826889
13411683
217107
11973978
11600567
13901929
13670204
10694741
11209540
11677712
13073751
11147905
12063164
10942428
10404837
13893549
12595659
11671421
110974
13919005
13833671
10143240
13751638
11341876
10882704
12046535
13822913
13905901
12152967
11165661
13745538
12641123
10914271
11580957
10932062
13781076
13517215
13875909
11465525
12987931
11381076
10594125
10596310
11271274
10427503
13096451
13875269
13314034
10978430
13246972
13789912
11588877
13600670
10189506
13811038
13818809
13703823
10495693
10655882
10422802
12806560
11416476
11360010
10185275
10203864
11400097
11356915
12349902
12504940
13822376
10160269
13007922
11503535
13839193
11185755
12185057
10493
12886971
553650
13879380
13614030
13812670
10196980
10814788
10200945
13038074
11512469
13244945
11500904
13627033
94863
11910002
13431236
11217146
13822911
13224100
13880590
13777967
13684980
13326678
13581210
13483688
10739236
11465677
11719910
10803746
10906848
10924836
11112427
11129580
11017050
11061160
11192256
11083245
10937738
11974284
13271661
11892379
11682009
10753147
11265883
11930933
11074710
13358423
12351354
13429814
10965826
11460187
11282577
12521012
13736471
13803810
13814426
13251138
12942953
10981986
13773484
13775726
13747089
13293944
11311370
12151116
12240474
12710074
11449541
11605654
10938049
13862327
13671548
12776956
13892767
13531177
13027800
10855874
11885525
11151130
13882708
10925081
12933409
13839259
13028769
10317797
13766722
10924530
90146
12529764
13830820
12816903
13483487
11548577
10927649
13183527
10417427
13847719
11920522
11324587
13175759
11334304
13085993
10381917
10588599
10589463
12734036
11573810
11911998
12716288
13555011
10917525
11609223
13829260
13701238
13782002
10591005
11723473
13801387
11328928
10156193
13794118
13825516
13883029
10873344
11754696
559906
13857125
11583250
10924431
13290461
13842007
13222489
13784474
10530071
12091346
13829806
13861757
12168891
10196718
11234546
13291850
13828687
10423988
13725278
255813
11565719
13811417
430609
13675851
13778522
11381963
13033628
11384112
13808997
13292094
11859752
10090664
10896823
13156019
13523429
13876896
13663643
11963672
11993768
13136571
11733732
12223258
13869028
11552888
11525707
11666042
13766704
11979341
13799818
13812563
11689522
13828201
12858526
13796913
13110782
13876818
13838716
13859722
10281516
12686791
11937021
11513503
13868449
10578169
11532569
13745360
10665705
13900368
11283904
10452219
385726
12344465
13613785
13061183
13748651
11571866
11484889
13463212
11316241
13846406
12973548
11476767
13892574
12567931
13889062
12110097
13199182
13465221
13837136
12685966
10516700
13901864
12975899
13073169
13093657
13278337
12691954
13807042
10956266
10970279
13808159
13239046
13771886
10739574
11745599
10619906
10664374
11501009
13876644
10931661
10495967
10478896
13807887
13894103
350017
10926289
13796591
13862858
13655516
13841961
13463057
11351892
12520791
12601821
11401249
13689647
13039122
11083250
13906607
12034702
13703102
13813822
13816178
10710885
10541851
13810953
10948148
10954871
13819213
13409891
12306778
12323154
12227671
11642376
13874408
13736862
13881938
12982455
11563066
10382204
13872933
10673949
10686002
11191284
10584800
13847375
11520836
13655404
13769547
13831180
11113452
13091924
11378968
10651072
13409918
10598853
13703031
13629282
11627444
12135875
13828487
13813115
11410962
12565970
380713
13168882
11720602
278503
13600171
13837211
11268250
10449967
10623863
11520638
540032
10171530
13867312
11837820
13761355
12246283
13017207
13060061
11474318
10892737
11539259
13178336
13823915
11348687
11386647
11550568
11569397
11608196
11633968
13400676
12433080
12447748
11489510
13876060
12762826
11246134
13147456
11392107
10680410
11020640
11882591
13768527
11174476
10537394
12937936
11114331
12777690
10485881
11520465
10910559
12226508
13763664
13637265
11354715
11379100
11949956
13210579
11612610
13719061
10842525
11623172
13872058
13901692
13875265
13766356
11638519
13889433
13807995
11518663
10955052
11120901
12885321
10279932
10926175
13288886
10186658
10984806
13655191
10095560
11363986
11438574
12805743
11196648
11884817
11721116
13383176
13803928
13793595
13814995
13828612
13741405
12695877
11308149
11534681
13524487
13829155
11347927
13875354
10941801
11485800
12627145
13000430
249069
12761929
11380547
311327
13850619
10560540
13765955
11730023
10881402
12775425
11332892
10250007
13901529
12562813
12395285
13879163
12304445
13896937
13830706
11577134
13113066
12076994
10907095
12000097
13890585
10584211
11835750
223388
10919704
13574350
11303107
10325174
13331002
13243440
10908642
10729316
12253449
11192162
10986500
10403160
12813519
11469324
10983189
13889317
13872847
13488375
13049891
11607745
11575127
13634558
10803105
11921695
10716965
13849273
10480125
193416
13780255
11906263
13799778
13822443
11901014
13090868
10960657
11518456
13826503
13769332
12986558
10267787
11221622
10578610
10735888
11807761
11794556
57818
242887
13849310
10731578
10957745
10569110
13124268
10338082
11244930
13412270
13818212
10460752
13420870
13811368
10204895
13748443
13105316
11125062
10123898
13210599
10806897
11527027
10884915
13898130
10668572
13850356
13281973
10609324
13081159
11262491
11271900
11814022
11820854
11822439
11823758
11823773
13292723
13292787
13292804
13292819
13292838
13292867
13335760
13819712
11955932
10351521
13753813
12790829
11357036
13522397
10158552
10482330
13570989
13826543
13834955
13856158
10958745
11122126
10891733
10544419
12117244
11915062
11842634
13829271
13112310
11501851
11357056
10946034
13801936
11521874
13147773
13781109
13360574
11656832
10449275
11326863
10934825
11726187
13805526
13593769
12390352
11880223
11368426
10164043
10969525
10978712
10975279
11190542
11350984
10924390
12140760
10800498
13666821
13828750
10957970
11605091
13827890
10171177
13920907
13788036
13796896
13890615
11531875
12973574
11354699
10946280
10441201
11467949
11491816
13079486
13369078
13842288
13678246
11407062
13010873
13751464
13697424
13471349
11344300
12718533
13620421
12057497
11932784
13890348
10303109
13888523
13741149
13380627
13638197
13754338
10896120
10179036
10376382
11867628
13598026
13627561
13211603
10514768
13089738
13237967
11344165
13790859
13863543
11366119
11348117
13693815
10713664
11240859
13895693
12318677
13061579
11085151
13409196
10904460
13724252
13305451
10159253
11823156
11945007
10443782
11738406
11423635
12604110
11491390
10741994
13896647
11470939
10930362
10665088
12994200
13658106
13690822
11987707
11570567
13296973
11573714
13811658
13895034
11542418
11239352
10925487
11263115
10905211
11307922
11370102
11417233
11686062
13863441
10976362
12983668
11278483
10148337
11375299
13837784
13825886
11449365
10464480
430561
12279725
11657921
451795
13880212
11965492
13882429
13913349
13900569
13004468
10208334
12174817
13827864
13682004
13803892
13213209
13875003
10952266
13775786
13383758
12992311
13804176
11708336
12794116
13793505
11426704
13348054
10957341
12793881
13482801
13020687
13288560
12273047
11824827
13643623
12989641
10705337
11562714
13869628
11384501
12267324
13234726
13404925
13410034
10924641
12963223
13830625
13855010
13085931
11310155
13448230
12007106
10567313
10134122
12934522
12985395
12562474
13864679
13134132
11820625
13116040
12784495
13578805
253262
342740
12981187
11553031
11612143
11655523
11655531
10923818
11063332
13835867
13204105
11976781
13550307
11807341
11285871
12119954
13433840
13791767
10980021
13880875
12177051
456317
10907339
10927854
10927847
13803838
13876826
13816046
13537605
10265518
13920117
13277754
13901525
12314911
13726331
10960628
13892979
13904798
11913236
11888694
13777708
11179188
13074459
11286761
11548671
13172682
13271945
13271966
13008113
13638152
13676540
10367960
10672640
10348913
10935524
11631245
11391349
13797440
13295863
10289219
13726056
13810487
13801198
10201764
11381463
13812101
10883686
13555147
13659808
12174654
13881342
10636237
13051474
13149274
13168894
13775806
10703649
11357933
13280337
13595665
10318169
11957729
12120728
13570385
559807
13405947
13801656
13122238
10934654
10539054
11341272
13830241
10390675
12402414
11453887
12763885
13778597
11927503
13489486
12958103
10311173
10539123
10418085
13550838
10951597
11564928
13808952
11555147
11454148
10930887
13806425
13054502
13355181
10513727
10679576
11520977
11345933
11870081
10199667
11135715
13877625
11970060
11549849
13917744
13384678
13876118
13773373
12250740
11617029
13801470
11682601
13924668
13378869
11279196
10661856
10047845
11626559
12931332
10359622
13006129
11973731
13472291
11410848
10242794
13531333
10653309
11350112
11603889
11688362
13902871
10745557
13865263
10524608
10505381
13872637
13716181
10060545
553941
10932892
11396828
13640374
12623912
12028161
13002179
11623640
13808871
13825926
12211168
13912195
11388442
13803785
13803760
13821838
13815375
10931544
13881251
13188632
13472146
11398488
11629520
11629339
13307111
11060614
13268671
11444505
13170547
514685
10526860
10925910
13860793
10946616
381564
13807199
12339392
10411040
396305
13835553
11541127
11676076
13872346
13620419
10880356
11473569
13813632
10946174
13748600
11903258
13480179
10162247
13779405
12997304
13543637
11690564
13307392
13016972
11474196
12805489
12809305
13420579
12431503
11904034
13869495
365855
12251485
11564539
11670547
11490283
425635
10300889
11842681
10926695
13192201
13815334
13834600
13853625
13434744
11285360
10554361
11583156
10214456
12542164
10889665
11862251
11843345
11886633
13854695
13436014
13873203
10927692
13888329
12944110
13856850
13804458
10198664
13871157
11498012
13840730
10930383
10498364
11059493
13565839
13597213
13814541
10971791
11092215
10914506
11392742
13303315
13141524
13377274
12115982
12498017
13866000
13804600
12823548
13813694
13307910
11312871
11575758
13808252
13798769
12590868
13907166
13172692
13226484
13236127
13909604
463654
13713483
12116363
13874549
12067032
10749816
13342686
13381614
13368266
13930739
11583254
12862441
10596607
13810696
13162395
12023124
13853005
13113761
13934124
12144766
11285123
11276791
11521085
10794518
11459108
11925977
13895261
13831178
13470371
11794271
13881383
13877716
13870502
13817277
10525485
13709769
10589300
13384055
13231621
13231632
13231636
11418485
10925090
13907218
11920012
10932902
13676800
13015465
10558202
10422108
12362743
13165223
12125502
12410880
10809319
481151
13627400
11653020
11624558
13095743
11297713
13062157
10606095
12080173
13856395
13543165
11744752
13384012
11630217
11906615
13768761
10372012
12478074
11546839
12068608
13612217
13052203
13173872
13670182
10408222
12086060
11976004
12975513
12975406
13851528
13903778
13927667
10973229
13805620
10699810
13030891
357797
10371775
13839201
10935307
13811350
10992017
12246312
13865459
13098388
13409189
11895963
13924650
11310087
10735585
10748090
11494160
13431244
12172592
11935262
125506
10271070
13841234
13873825
13890323
11144782
10200985
13862312
10944094
11355281
13098804
13103236
13803045
13901470
13803096
13810874
13842654
13846269
13847476
13847618
13865127
10792458
13912106
13867846
13081566
11462999
13895884
10925234
13024659
13880937
13823036
10448456
10440832
12274688
13742941
13288447
11998234
13043041
10990185
13476665
11631121
11788439
13102884
13699373
11672854
12074534
10988349
13437675
11693019
12879091
13042350
10512333
11232338
13676055
10222219
13720992
13862768
13906311
13936841
13939767
13942505
13946171
10533964
10827782
11517798
10989461
11544761
13620346
34229
12095552
12631237
10629483
12313355
10922001
13829623
11750245
10926830
10961860
13097987
13739285
12933389
10701318
13576895
13893452
13683877
11308420
11002263
11773146
12914842
13911196
13630471
418803
10197181
10927811
13862148
13172147
10699689
13524913
12013777
13031667
460816
10014307
13881578
13836346
10961873
13682220
13859860
11581419
11407881
13594011
13817871
11355488
13028859
11133551
13632474
13039949
11779536
11999193
11417765
12640689
11524534
11907826
10913813
13367330
13159774
10188595
12887686
10471484
13854750
10867060
11890069
12435736
11513376
10925178
13855948
10326058
12822239
13754591
10599329
12850279
11486387
10924447
13806675
13873284
138
13842650
13803955
10923677
11078610
10484892
13282999
13393396
10748024
13741216
10946545
13859533
13545023
10927726
13359403
12738755
13762314
13088593
10923008
12717583
13562469
13860189
13696896
11909389
13839205
11490223
11739010
12982104
12072095
13840417
11759581
13815539
11239116
10672163
10184750
231196
13729146
13478005
11180842
10909024
11292258
12827693
10541604
13882525
13842635
13827392
13866349
12131152
10924983
13836860
13719891
13873395
12523239
12428243
12719933
10969715
13179516
10913432
13516827
13162392
11490333
13066551
11379731
13692710
12948375
13862236
10975316
12108915
13230889
11704117
12684641
10911877
11628469
10949047
12256371
12870953
13367449
13340464
13328185
13874241
13875389
11777854
13732634
11525851
10923609
10936649
12989215
11964187
11609082
13421091
272092
10136199
13529195
11795740
12861188
544678
10718417
11451504
12140872
10505327
13761656
11336364
13901031
11400358
11015033
12201595
87323
13071920
11368111
13595977
12129578
13831133
13895042
11809024
13234469
11357688
10943860
12425665
13763136
11354140
13773969
12911779
13839907
13908716
13240848
13556847
13362030
13532363
11519817
10161589
13586757
435044
11529471
13639381
11527682
13892262
12214211
13788434
10964437
10740316
11871579
13818478
10620003
13814933
10946612
12980631
13753096
13597630
13806952
13059040
10167323
11469557
13889547
11680491
11485338
10939455
12258353
10260115
13874023
10926162
13234413
13756741
12141949
12853528
13820076
13228259
13835715
10296108
11602640
13836005
10524059
12937150
11411789
11052842
13541858
13372830
12312452
10182602
11464103
10389767
10167701
10700548
12718998
12008704
13526234
10445618
11478713
13923904
10196746
12060731
13823358
13890553
13171394
10200013
12840947
11613686
13869708
11535807
11572958
11461658
13059666
562845
12937859
13306121
13851142
12096351
13836987
13802575
13723977
13919923
10928487
11379882
13024648
11079551
12387754
12212540
12510083
12491372
13650396
12389987
12736097
11888827
13877729
10928665
11677582
11627299
12025863
12893674
13346885
13892139
11324704
11624609
10968662
11636315
11448992
11657989
13076458
12992866
122281
12452224
13526602
11396571
10228925
13803293
13902983
13582058
10693001
10961645
11021314
12618851
11291608
12107830
13150880
12091939
11622491
12145512
11855500
13835500
11670089
11663924
13139708
13435240
13009095
123189
13220995
13221009
11452376
13726070
13621799
11359993
12291019
10167606
13881730
13760694
13831123
11746567
12157807
13753410
12325165
13553128
11315733
11633519
13893841
13781498
11669774
12941482
13406290
13786487
11191310
12089373
11677170
13026997
353123
13119800
13353775
13825737
13850326
13796311
12505515
13818399
12413459
12538116
11206281
12675463
13873473
343067
10215963
11640938
11524467
11556651
11569581
13845792
13846566
11488262
13905566
13762842
13253816
12639836
13909039
11021240
13026014
13177604
10672090
13831142
12044282
13765654
11684803
13895843
11779896
11987175
13735096
13761658
13724951
13479635
12132458
369172
10078363
10468502
13864649
13881841
11564202
12362930
12772566
10527022
10267166
13845876
13022685
10667318
13666148
11376301
10415854
13805038
11821541
10754453
13939484
10383658
13409471
12865509
13894485
11814106
11859906
13563439
12994522
13360838
11222394
12067449
10926717
13268967
11241442
13812595
13003444
13555260
12602694
12696688
450683
10517214
13922142
13613370
10930251
12999760
13882969
12777934
11645153
13811423
13386515
12171519
13814158
13823768
13804087
13412263
12037514
13858019
13799797
13822441
13480261
12345823
12634405
11614731
11495324
10120648
13907727
11339173
13803237
13791193
12975395
13874558
12231350
10108789
13839054
11004136
13934183
13264143
13222743
10941158
13810993
12079460
10097122
10108071
13490132
12985837
13637512
11439307
13724737
13926799
13317942
11366947
12239722
10393759
13810954
13832493
11552695
12247718
12946713
13542002
11536488
13605517
11289600
13314473
13893960
11304235
13384357
11712250
10929071
10483265
11745192
13103158
10770923
11938269
13266783
13323205
13561801
13696319
11521546
12566589
13873897
269025
13375225
10978750
13496175
10896040
10371175
13034848
13627463
13151081
12982558
11070422
11598557
10153716
11655576
12540190
291554
13757660
13819882
10424463
12572103
13886626
13576248
11239475
12881794
10195071
11084990
11007947
11681969
13640870
11320608
12974731
11297213
11408729
453129
13906637
10986127
13686844
10428221
11925849
11645762
13770578
13099431
12720312
13461335
12742291
12979702
13825452
13166870
11026114
10926812
12134356
13020333
13543432
10923010
11301717
11621681
13015012
10932373
137221
12734335
327903
13807219
13858709
12014381
11348471
11371384
13803754
13142748
12819810
13876228
11505312
13441039
13875899
10693509
11450167
13873034
11985440
13643723
12634171
12631166
10676656
11507357
10632263
12906701
11921093
12985195
11103576
12406423
11645899
103017
203071
13719352
12327248
12938243
13821924
11806482
12791540
10926426
10448022
11370475
13830300
13528372
13803936
13170242
10941016
13399118
10892615
13819263
12062849
10149466
10614550
11343273
13707777
11324720
13804195
12957492
13821996
11886323
13875844
11450355
13774008
13238600
13798454
10215283
13107176
13826983
10944408
13693157
11171084
11871943
11694915
10982748
11229864
10079282
10634614
11238992
11026100
12536970
13848482
13886607
13845933
10923638
11447699
10164963
13803600
13817874
13828416
13832910
11466893
13905840
10177354
10135457
12419696
12632255
382210
13890264
13766923
11759464
13926193
10459356
13801476
11567759
11562605
13872332
10927511
10751748
10670633
13029226
13068515
11634701
12036992
13002410
13866716
13229609
13812425
11568834
13716083
12049803
11419247
10884879
11549191
11333015
269839
1025
10925287
10925844
11432875
12652470
13089760
13104639
13643334
13842219
12418418
13704081
11743177
13006985
10438271
12922234
10309743
13836774
13861788
10608127
10934706
10485366
11004716
12265613
13020224
13789110
13766063
12639328
10301367
13102060
11170841
11572214
11510099
10503121
11616876
13872323
13667921
10927524
11521333
13566340
10535642
10580046
13270217
12868599
10891769
10927609
11862234
13215795
11650819
11046377
12996685
13804396
13171322
10464722
13675507
13794181
13277645
12064293
12167317
13891981
10968367
10908842
11773519
12947006
12271572
12871243
12423559
13792541
11523478
13804331
11344055
173227
13886412
13861912
10784901
12044355
10467088
12202374
11885200
11111940
380894
13837787
13880349
13880370
10620647
10906019
13741291
13896135
13139993
13139996
13226316
11455233
13791545
12074851
11670583
13071775
13041779
13422884
13809286
13526088
13842556
10645883
12923995
13843062
5126
13059645
10927240
10962862
11204617
12145224
12192952
13815146
13849635
13812513
12279324
10489267
11261803
13866132
11574839
13525723
12166222
12225498
13796573
12089260
11226733
12112145
13165681
13234864
13322655
13325066
13304388
13277569
10671644
12226521
10943376
13810241
13613752
12836480
11540175
13735941
10952428
12019890
10386488
13406342
12795819
11315569
11192966
13101459
13022675
13874868
183479
13806147
11155647
13331686
13436356
12964202
12994327
13213849
11396522
10244462
12244542
12041966
10924080
10688342
10162484
10667947
10976791
13870473
13832091
10265791
11863385
13224087
10945530
13275471
13024041
13740892
11490068
13836210
11897181
11928565
13827347
13762179
10885724
11909595
12166108
11336199
13742415
11461571
13801813
10197125
11635987
11825959
13854322
11125981
10949215
13838643
13781120
10691552
12428397
13037700
13862619
12815304
11223734
12087762
13553041
11286655
13889502
10958535
13864389
13850318
13830207
13226038
11449830
12862456
12615793
210814
10561658
435071
11219351
11218962
13586546
12283528
13902275
10889678
11200902
154308
11567389
13752306
11518598
11337847
11975764
10938741
12992503
11443709
10616672
12923653
12923610
13843408
11367495
11379872
11392436
11339090
10453984
13850744
11241645
11388029
13777511
10939323
13623447
13569353
13075345
10318768
13856217
13387816
10662190
12831476
13836365
11752261
13774033
10211583
13889452
202997
13796532
13873349
10191967
10101928
13587461
12424202
13570457
11411441
11669310
426368
10923846
10904032
11587482
12376847
10122384
13793876
11148575
425219
13812427
10921097
13160546
13781118
13761096
13871634
12489337
11651720
11645819
13543162
12003211
12010659
11654626
13885228
13819911
13377951
13905923
13261483
11147998
11907178
10566503
11219057
11881709
13777636
13147782
13239738
10803756
12073794
10924302
12031549
13533147
13266559
12920406
12672504
12705994
12798012
12840380
207276
13818714
13847782
13685784
13777766
13435497
12440899
13879811
13778070
13492516
12241194
11408885
13513836
13005406
12435936
13703878
10159860
13135432
12508013
13014754
12007486
13826956
12066240
10930862
13607920
11947870
11540298
10924603
13904724
10927641
569327
11770013
13883928
12011444
11638434
13015340
13120035
13497937
12021749
10935526
13883868
11899063
12271194
13383531
13667311
13134162
11366229
12434057
11904597
11481343
13877749
13813789
11507555
10981650
10960856
11861941
12307167
13765939
13864685
13181115
10272724
11430567
13847910
13051896
11346138
12186665
11664412
11237672
11421132
10569245
12383794
11360663
13169449
13192760
10389923
13836187
13852812
11394302
13402046
13291098
12930300
13898043
13623063
12191309
13637550
11489277
11199807
10048249
13755768
13076760
13145064
10443603
13860556
13899152
11730271
10762178
13546954
10131830
10202170
4453
10701219
12034296
13238503
13265666
13303084
13317075
384658
11545970
11756209
13893415
13913765
13894773
13294193
13807341
10737437
355858
13316433
13597623
12968947
11124514
13732190
13545201
13888970
13804106
12111095
12964771
10912082
11776990
10924342
12129665
13781360
11662715
12299950
12490347
11851079
13219650
13699579
13872373
457048
13042831
5134
13354847
11522618
10481914
13789344
10721354
13710314
12950133
11077629
11632196
277701
10327919
13810364
13316229
11809142
12605008
13715975
361979
11673264
13846121
10924861
13454137
13768921
13877978
13918949
12076970
11313136
13043794
223266
11137561
10955555
13849083
13531755
13855781
13814984
13915804
12299461
13809447
12643734
13804173
13890892
12649586
11513612
13803969
13742897
13698156
13804020
13805177
13607706
12911629
13150622
13077935
12021367
13025309
13635064
12501731
13872060
13856177
13234759
11532812
13695432
12094036
12988557
10603340
12236628
11179428
13639704
11779935
12304988
10928087
10924716
11378996
11467854
13662185
10079940
13193387
11792328
11491764
326828
13806598
10228741
10848151
12919038
11710430
10925853
13211998
10946734
10938033
434703
13867027
11716236
12807855
13693047
13887773
12992388
13007838
13049065
13067082
10700118
10952017
13363825
11707210
12787298
10412819
13188586
10935548
13195345
13853288
13432823
12156692
13875813
10387105
11191602
13883865
11542292
13910308
13468138
13292214
11237179
11843342
13625206
11458714
13871819
10045460
13378731
480702
11500410
12872926
10470867
13824331
13863882
13621067
13688272
13841705
10690588
11485708
13790348
13014431
13612126
11673938
10190652
11025915
13907517
10435195
12943083
13818941
10501912
12485869
13882180
11386205
11742936
11363826
11054691
11858581
13770262
12790050
12871333
13602010
75874
10569402
13794809
13840752
11296873
12348606
13905910
10261054
10886951
11075836
13894057
13078823
11747228
11404658
10014080
13813843
10867484
13820309
10701415
10940611
10211768
10151287
10675888
11773020
13800587
13343049
13845431
13821752
11488400
11731065
10733474
13908652
13886767
11819059
13820100
13900784
13222162
12237059
13778773
10239689
11956108
13549149
261598
13021247
13893166
12324379
12213460
13899357
13667951
13805234
13465284
10681953
13776057
13201927
13830883
13908895
13099960
11535871
10016330
13405569
13192904
13668840
13322806
13907329
10493895
10883591
10927952
11015466
13831014
13848437
12190989
12014414
11544219
10928147
13411377
11809258
12989845
13754064
11776891
11801823
12851242
11584678
11336353
13781133
12429682
11346223
13818713
11578220
32638
11338710
12159288
10906914
10254761
13659956
13336087
11585083
13799603
10407928
10763804
10199236
11485610
13886755
11105915
422093
13807002
10387605
12334867
13704705
12706043
10991949
13105629
12795616
13830732
13874036
13850019
11023926
13832150
10889373
13348444
13631969
13180889
12413211
12067451
13908807
13057752
10419528
11049210
13873161
10948788
12003623
13197356
11356793
11394125
12969668
11632447
11520309
12165931
12263870
13829349
12989210
12900155
10246227
10962361
11341833
13430996
13476708
12900823
13207060
10418129
13781780
11386210
11478421
13818719
13517475
13386454
10650325
289297
12738094
12869543
13844958
13671353
10599726
10411392
11870162
187313
13858422
13268332
11313092
10656999
11518774
13520038
10198645
11550078
13025154
13819732
10743743
11409156
11517113
13805306
11858069
13802294
13802366
13910261
13838967
11899321
13864195
13890416
11815701
11285621
13815812
13855981
13692569
13167225
327046
13862951
10604616
10738736
10198647
11982976
13254399
13916593
11352378
10599187
11920541
13901199
10919808
12961253
10407741
11449999
10923524
13104652
12319561
10451561
13734729
13485814
12705314
10139310
13771426
13747158
11765301
10927801
13805851
12782930
10575809
13521988
10736736
13501120
13628010
13824631
11355672
10949236
13364034
10201292
11596035
13497752
10991237
12719829
10929265
11626282
10365325
11607834
10916890
12610152
10731002
10922056
13845509
12042010
13381475
12866161
11290969
11554751
12232306
13146141
13911054
75414
13874874
13372484
13894178
10923920
13876779
12176130
13493839
11790750
11757380
13876511
13864374
12127764
12719706
10933213
10634368
12389669
271066
376560
495663
13939535
13270426
13852966
10925037
11457424
13838360
11335969
10974498
10447079
11604421
12231084
13807885
13702350
13793664
12862249
11526898
10505000
13597673
10572539
13634109
10727527
13811406
12798198
11507682
12977697
10265162
10212332
10930215
10918097
12259905
13741153
11413071
11878310
10202413
11125743
12871617
190019
13060740
10969046
13805669
13578376
10924052
13364270
11568441
13923917
12698830
423999
11602194
13383484
13781945
11353963
260640
13660725
12261031
13741811
12269915
13884727
13547106
12075364
13459758
13890491
10565381
11024625
13626399
13836917
13881584
13404402
11694532
13495603
13868961
13640866
13817746
12435576
13299154
11209149
10422825
13628722
10431781
13913310
12277811
13900970
13666016
13104465
11827940
13815966
12176996
11331078
12733796
10296993
11630321
13597086
12883518
12914411
10948217
13889561
13235469
13871825
13147817
13895186
11457126
11373105
11498919
11797171
13899054
10696334
13913289
10657995
12808477
11662178
11769178
13705324
13868931
13859605
13220990
11262671
11958091
10545621
10911875
11389845
13433662
12979579
13318219
10094480
13055237
13077609
12281189
13806746
12238640
13853521
10507705
11440786
400168
13867823
10142412
13874229
10492691
13926163
11521368
11877327
13778468
11354117
11787223
12179621
11304574
10898723
10511701
12740371
10930306
11809812
13748503
13791949
10945057
10703333
13730722
13883061
11093891
13827293
12832800
11956734
13812304
13720076
10035392
11381261
13515366
329998
12741293
12113097
13517794
13103324
13801226
13829136
13830562
11347907
13849015
10231837
13902699
12961786
13098171
10685300
10931016
13814313
10943270
11911209
11796450
12101740
13873183
11458035
10639208
13861560
11299517
10944305
12720749
13205651
13907882
11518111
11612454
13830873
10623629
13814944
389863
12604534
13669732
13800590
13803064
11356569
12702157
13818222
13650222
13803831
12192753
13588910
13508622
10304018
10413981
10978178
13722338
13861385
13857234
13932192
10540735
11284487
11468995
10565387
11200968
11464384
13889606
13889609
13908036
13908044
13889612
13894208
13894211
13894215
13897536
13897537
13899315
13908035
12517445
13829926
13855118
13837460
12836044
13447827
12602688
10698291
11390347
10762164
10951913
12998784
13116846
13026238
13171156
13741911
11018456
11579110
13184778
13891722
11340151
13217516
13833303
12571774
11668093
13862391
13881421
10633106
13802710
13782114
13743209
13828630
13198292
11664835
13824350
10916154
13843816
13802736
12208917
13804416
11502304
383708
13788398
13213936
11200776
10954192
412140
13380574
13649155
13679675
374348
13373430
11882059
12964729
12242408
8279
13245346
13812557
11566475
10938762
12402342
11620303
13186438
13349486
13879630
13778589
13109391
11482408
12034
13866066
453275
10927759
13587403
10467202
10400626
10941713
185533
10570916
13777837
11346085
11483248
12479737
10761347
13253095
11436645
13781232
10927385
11529802
13635707
13378880
414451
10451843
12867737
11916713
13671720
12465026
13902204
11552906
13805238
12419840
13903956
13606241
13773995
13214999
12875899
11337257
10603116
10937000
13215133
13680281
12157623
12227842
13301946
13087223
13802750
13016981
13796438
13708757
13677968
11330243
13807156
11363149
11605409
13058569
12989893
11314624
13024719
12926028
13803769
13803816
13089133
11901832
11487687
10384868
12865624
11941370
11656802
13904853
13880522
130759
13625029
12112858
12004507
445443
11483280
11422698
11868153
13818747
10925858
13620855
13579331
13855257
13101270
13197326
13381871
13044070
13859681
11155597
13135289
13869006
11571742
10962708
10648707
13134242
13803896
11378696
10081532
13339283
10197152
10678506
61763
10675595
13895265
128026
13188594
11868997
13771960
13320688
10960276
10495739
13797866
13900789
13835304
13678746
12538429
10924534
13751413
11666106
10927334
10197050
11505194
11297459
11189092
13812650
13853068
13755482
10390484
11419292
13751489
13852753
10554276
13140757
13839055
10155674
10958406
11133245
13345202
13375063
13890289
10929183
13874564
13770115
13664161
13782934
11811191
10506874
13818418
10387626
13839666
96648
10627345
13657625
10972776
13867689
13596490
10169849
11321621
13880107
13878768
13871918
13195458
13842964
13805832
10561445
12327330
12832554
10931255
11517166
13901487
12116811
10202487
13117228
13803990
13842907
10057259
10151494
11816525
13823752
13833538
123043
11416993
4878
356
12023217
12810357
11645438
13805280
13806633
457
11511035
10344329
12741550
13657037
11564417
13329027
12161946
11477681
12096713
13777738
13910949
13781640
13671650
11460279
13843544
13850822
13807106
10962836
11419655
10915205
13680374
13685672
11538556
13777591
13752651
13489243
13555183
11079348
11592654
11014684
11590449
13832404
10930973
10933916
13765543
10544744
13877394
10330708
11050834
13847675
11881313
13874212
13184906
10509728
10274412
10931010
12891391
10988297
13643761
13493294
11674592
13312438
10273115
10953628
11410351
11843621
13757504
10500456
12768843
13379121
11356244
12213373
11415361
13241460
11838068
11692231
13804418
10218943
10036844
13769509
10074200
13865600
13828544
13624108
12395819
12635082
13112468
13805023
13807939
10751407
13418056
11202159
10929044
12191588
13516466
10930254
13803597
13835729
10929364
13424986
12777557
13837099
12054059
12934131
13865694
11241050
342185
13338912
10558358
11733364
11054497
13770722
13867665
13050893
10729570
10159622
11560737
13351515
13889478
10493667
12524062
10750392
13889683
13812480
13726083
13762768
13807109
11484525
12788905
10668690
11402692
13799728
10881637
13641515
10574339
11117685
12465357
13670336
13544507
13664122
10944847
11791911
10976397
10926547
12252181
12142086
13400248
11874337
10168792
10088222
13875392
11944315
13203073
13121236
13194294
13686882
10926445
11602937
13717150
10957430
10867189
13823421
10198819
13659533
10198812
10924957
13796902
13906338
13906340
11499401
13803171
13192363
10943408
13014217
13239003
13898178
13851559
13528879
13243457
10751046
10595859
10408165
11602006
13527380
13049724
11607243
11449314
10920524
13880369
10550319
12820093
12032449
12213167
306390
10925479
11757375
10935335
11571005
13830446
13880670
10202248
12169877
10226094
12181635
10140544
13326635
12147497
10789901
10775846
13118509
13582410
11032144
13883512
11368593
13344694
13776247
11877170
12795341
12936650
13421489
10495685
11190245
13668459
11612028
13855370
11519205
13085947
13002726
13816722
11669228
11304637
13822745
11975375
13825058
13801283
13803364
13767222
13811997
13819203
12085745
12276935
10920014
546088
12756148
11638019
10414956
12230487
12836344
11688106
12098204
13796267
13688423
13864247
11096453
10926785
12998335
10727516
11586343
10767968
13875127
10916094
11123498
11191388
13757669
10613941
11218759
11588491
13842993
10892634
13627352
10927973
10664642
10702115
10597890
10048041
13879442
12057220
13759359
11842738
10196693
10867359
13801729
13702186
13828702
13811483
12398590
13640801
11667169
13895037
13763905
13707233
10404840
11897143
13783187
13831157
10786201
13218969
11719441
10630209
13855589
12353503
13875648
11000971
13829722
13714530
11356644
13614413
12466437
13844416
11901971
11776495
13158928
13746486
11354923
12383588
13596723
13164166
13469378
10908515
13853190
13880829
10212458
13431545
10400362
10966025
13427496
13174320
11864868
13884854
10721804
13807789
12422247
13334651
11294576
11470556
11985071
13876616
13882437
13890451
13189567
11805867
13689606
11158610
11651296
10846247
10875907
11016992
12051240
11733826
13863426
10208673
11408694
11621329
11372190
12495481
13900105
13007198
13798463
434075
10514926
13819831
13664287
13789097
13189510
13243228
10943857
11972888
10627731
11279591
13827377
13843701
13809437
10038784
232676
13277892
10903473
3789
13808196
11688365
13788049
11845046
13806195
13826017
13394958
10534701
13467145
11486487
13369008
10919667
13520055
13896344
13807064
13811552
12744170
13205500
10050388
10589682
11441253
12978392
11713752
13836035
10306855
13867718
13912852
13231604
13754221
13063422
13910126
12373123
13433264
10940903
13865829
10407254
10852918
11707134
13815986
13873672
13865962
13846966
13872475
13865961
13872471
10548082
10487616
12083900
11896890
13349495
11318582
13930578
13774021
13187983
10795968
13619748
12885923
13805968
11347306
10927087
10500902
13913767
13866951
13821053
10720203
12035003
13808153
11278917
12205160
12978962
13786420
13344239
11966030
10140699
10446396
12258981
13058868
13761083
12050497
13782751
11929124
11964553
10959089
13219553
12850098
10939584
10197609
11620314
13737650
13799576
13878808
12568521
10167153
13880768
13738500
11576720
11355172
11461233
11661953
11925546
11958816
12173068
12989236
10216973
13778374
13229125
11499437
13805388
11773800
13116771
13769136
13666867
13900495
13802246
12186264
13207664
13809538
13651819
12590251
13285505
11907350
13873684
13850982
13759440
13397230
12333189
10300767
13843402
13809148
12718760
11373516
12232742
10190098
11471828
11060169
10927422
13923218
12755074
11906798
13808602
13859400
13710420
11348989
10491336
11356993
11604921
13665750
11443821
13365763
13776755
10927451
13895153
12834060
13840191
13807446
10969329
10970015
13852728
11661511
11082637
13601713
11120541
12580829
13793879
13832354
13781758
13883031
10947638
11866184
10339053
10197356
13859858
13035636
314169
10887733
10928631
13224390
13670529
13871833
11487082
13804845
10596264
10228849
10959900
13799638
11228132
12317404
11353129
13792117
10922654
13140086
10424843
13289267
10383865
170673
13571000
13302210
13088016
13806989
10441391
11070726
11307597
10679335
10947517
11438992
11327399
13395388
12440501
13311139
13521676
13368572
11557582
13030240
13851777
11520428
10935627
12134506
11534717
10434614
13693323
13639802
13854813
12751044
12081460
13893210
13647691
13489041
13363599
13794393
13820391
13054367
10923293
13000459
13376372
10628179
13307531
13363676
12175917
10924246
13864990
13860467
13874432
11851294
12060687
13895209
13217292
13476712
13768971
10229985
10565703
13148700
13555478
11463676
13765779
11504391
11101084
11991912
13082754
11731400
10712943
10927369
10247621
13828619
13859106
12985974
12601594
11611884
12649633
11182640
13142213
559381
10575337
13269935
10200908
13893322
10243984
13825434
13001183
11735292
13320179
13901822
13618743
13777770
13815326
13402590
10415562
11914095
13832418
13665347
12039807
11814525
11724197
13087598
13798974
12238903
13911578
13887065
13223541
13175381
12318514
11984665
10715695
13800144
13776740
13334508
12166929
13138046
13835660
11523315
11374335
13869829
10928978
12089435
13733267
10533858
11693086
10617682
11418636
12723002
13867319
13523181
11370473
13103923
12573331
13900254
13113537
13900267
13930183
13869235
13896125
13230675
13809129
10950713
12922173
13048146
13915983
13858080
10934159
11202964
11324188
11346459
13806679
10925817
11624844
12830940
13691031
10786138
296551
10784664
11532344
13245183
13044454
10929560
12997667
13290349
11876612
11792276
11365657
13861314
13851521
11706900
11301994
10493604
12169146
13724993
10584308
12979216
13759979
11361794
11523945
10931286
13757350
12244106
13842548
13234670
10639185
11789323
13109158
12310018
10141528
11204627
12199203
10901502
10923872
13186312
13115586
11699511
12060622
13634872
12950910
12126212
13107846
11819456
12087435
12132473
10422176
10019263
11557610
11885581
10598439
13818783
10969290
13624804
10529144
12538732
13874420
13877113
12999140
13266360
10702050
13871900
13872321
12999522
13761077
13773638
13006815
13809195
12177091
10078102
13020414
10154233
13706244
13759728
13777355
13777368
13777415
13778263
13778268
13778270
13780404
13780412
13780417
13814280
13836519
13837592
12825268
13849355
13858910
13862982
13873719
13914899
13914901
11376125
11337840
13121597
13058371
12697985
11021308
13846236
13804194
13848579
10530593
12441735
11244934
13603825
11484373
13855762
11768028
11504283
13733623
13801436
11780516
11433253
13557746
11027336
12682533
13932499
13849042
10233460
13803607
10930242
12073338
13854621
13816501
13913063
11180971
13901125
13089056
10203706
11499596
13861932
13778528
13884137
13527370
11598138
13805726
13448498
11595968
13921852
10684455
13837290
11595574
13702884
13809404
13227136
10911858
13903789
11571423
10892012
13681958
12322752
13856606
11614694
13136682
13808427
11383858
10284240
11998960
11094522
541841
13753531
12982731
11119728
12611057
12761567
13672861
13938861
11857943
13334955
13805554
13807355
11007995
12226084
11351442
10558973
11613437
13409688
13873751
13536004
13884374
13704114
13858728
13872314
13830742
11399356
11390267
11592527
13867253
11366677
10684911
13694043
12292250
13804678
13845567
13108304
11512652
12756003
13379748
11468943
10961930
13818930
13231647
13819884
13742343
13831150
13235291
12832407
13218755
13344466
13840947
13714310
13768736
13362109
13811186
11216037
10934640
433619
13828727
10400895
13811728
11790421
11251108
10580206
11156573
10479101
11429839
10407678
12990474
12283429
13898099
13220188
10541778
11611241
10538520
10335550
11516692
10360532
13280589
12277489
11159935
13511737
11499045
11534250
13052801
13241332
10174433
11744904
12307393
11344416
13020487
12821707
10420834
12666826
13500361
11552512
11314508
13221457
13226716
12296931
12854692
11832013
13903684
12871672
13898358
11371379
13753664
11671454
13757020
13570330
13882798
13754125
10930517
13818629
13875822
13901944
245136
13322198
12988736
11681706
11692680
11721392
13801320
13807299
13429682
11326571
10092293
12628928
13825238
12660418
10795023
13879399
10772184
13890538
13127583
13178107
13754593
13716190
13850721
11550827
10770663
11638119
12326549
11395245
13918006
12626476
12688980
12978315
13853689
12096635
12063930
13808921
11443755
13589926
13482307
13062298
11488259
10515520
11912537
13781411
10591336
13853473
13784860
10800155
13830033
10941196
13603994
13882083
12867322
11777243
10677381
13810051
13619879
10051600
13724368
13584084
13405684
13081777
11671026
10692231
13033496
11770165
11610243
13588148
13839018
13842622
12413917
11679283
10561134
13893478
13168740
13926492
13142232
13653543
12074726
10601596
12918533
11601779
13219575
13235292
11629790
13035824
10445713
13703084
12028327
13908803
10908278
13635779
13897270
13205977
10196297
11885051
11713412
11372256
13429345
13151901
12982676
12390637
11509133
13812990
13378472
13778358
13809883
13698805
10953973
11799188
12683907
11958113
13470022
13184622
12696153
13614310
13765650
13890196
12955481
12955483
11022557
13630033
13631460
10059764
10419401
11271429
13735482
10009361
11298267
10953034
10359663
12809754
11628504
10829418
11644139
12280934
10896648
13486683
13683115
10928163
11588373
13897335
12920881
13282444
11307672
10800644
12518720
13859158
11457011
12336630
11759737
10524689
13828591
12226667
73494
12104119
29271
10779164
11138051
13894091
10528102
13777732
23987
13852811
10202709
11484337
13807520
10462638
11334046
54070
11341311
12935391
13561890
13881846
350159
13021240
11700291
12941857
12650983
11362731
11205257
10524987
11739109
256747
10792046
12935581
10151993
10286254
10924579
11247437
13737678
11359615
12630685
10515711
10204197
13618054
10970624
12985176
13036794
13875172
10924277
12263546
13891000
11497793
13877066
13808006
13830285
11474137
13880009
13246052
13841353
97437
10801804
13826251
13888297
13839740
13676056
13341393
13837390
12296870
11821439
13900351
11728387
12957494
11344928
12663476
10884029
284673
12987818
13890682
13376525
10375491
13817481
13807230
12050435
13348167
10403217
13899797
11648154
12973809
11532199
13359821
13717941
13733858
13766948
13804058
13844312
13375011
13851492
11447383
12801122
13854960
13717272
10980747
13902242
11343991
10932444
13437815
11241444
10974099
10759633
10937177
13761103
11679572
12938552
11724807
11358334
10700436
13804110
13174005
12988312
13874453
13036389
10559158
11136011
11418653
12999216
13812231
12505925
12860913
13855365
13693171
10931047
10931175
10907885
271296
13740310
11391364
11293352
12973630
12916793
394748
10650801
13626219
10301337
13826416
13660581
11724454
13761007
12491524
13829641
13243385
13306851
13849762
13285348
10927403
13890989
13835663
13050730
11471015
12999123
13025106
10504876
10022543
13054067
13874454
12887337
13688398
10614263
10552530
13028617
13744019
10950853
13867464
12672776
13052562
13866496
13773991
13463277
10587002
13916508
13908073
13654678
10932969
10938591
13007813
10228661
13631412
13766089
11831039
12406542
10560467
11956384
10011529
11350483
13854052
11793228
13756659
13876887
541159
10948521
13632223
10957067
10194913
10222922
12441980
11386801
10195501
11894149
10188033
12503330
10927302
11075808
11891946
13834560
13443576
12244321
13322250
10902920
11590645
13778663
13769644
10699315
11868295
12023799
11455996
12005669
12828416
10909630
13109704
13372044
13662985
13870383
13375907
13829026
13886908
13209589
12549391
10925369
11367045
12945295
11753767
13240029
10906987
11692716
11761773
13843811
10761529
11642662
10652478
13698835
13835590
12540147
12138724
13679529
13026877
11577757
10472040
13755534
10430483
11987751
13344401
10525097
10532862
10534283
10544448
10546244
11937839
11754972
10893727
12990056
12730008
13783779
13887624
12183758
11635429
11738846
10885323
13332881
13886247
13021296
11877722
11560265
13239752
11544395
12767248
13613933
13825867
12267371
12819723
13662507
10970967
13001508
10923672
12656677
11732716
10601332
13692022
11763044
10925702
13810353
12168650
13889825
10923547
13635502
11471835
13109797
10925390
11763395
11489830
13929535
11471526
13637295
13893405
10513244
10794556
10974344
10942588
10928475
12983630
18266
10196970
13805722
12704269
11594119
13788319
10628891
4243
12443625
10748628
11790639
13215075
185554
12224909
12249782
13681824
10925915
13502228
13096500
11550692
10726475
10145112
10197863
11008894
13864309
13737362
13866015
12238436
73907
11559501
13291818
13885617
11138301
13812686
12205049
12616839
11664976
13880106
10084566
12611426
12034876
10013359
10879524
13929724
10866668
13495585
12964077
13762236
13862024
13901242
11196405
13481704
13838426
13407395
11349946
12060442
11316215
11845591
12209413
13895722
10538038
10924573
13878947
13812521
12138456
13724656
10938733
12016551
10925601
11360504
551196
11583349
12660450
11612494
13036711
12939740
12991015
12144606
10211805
13675612
11014396
307699
12045699
10400128
11173134
11911361
10505719
11312340
13782124
13881967
13498330
13812290
10749259
13890797
13919603
563889
13495486
13697442
13707133
13837583
13808111
11314503
11772193
12392487
13226195
214475
10521231
13823552
13870510
13780926
11103347
12347638
