1395295
1396485
1407863
1408249
1412025
1414666
1865320
1871149
1879241
2371657
2374915
2377624
2812965
2813133
3313051
3318686
3322161
1549551
1980485
2886852
2889023
1346446
1348703
1352612
1353283
1357860
1360132
1365333
1366051
1366252
1823104
1824957
1833564
1837007
2323508
2324893
2332400
2858358
2863820
3355250
3356404
3364160
2765
5706
6305
36371
44664
69863
70768
80977
3002336
87730
87779
91977
104342
105981
107185
125452
129378
142563
150387
1814680
2845436
2845857
2852174
3326624
3327474
3340995
1531604
1993303
1996126
1996361
1997148
2902745
2906121
2909480
2917285
3390013
3397365
3399524
3402263
3405771
1582144
1951002
1957171
1958007
2382986
2922433
2932158
2936388
3432179
3433497
3439982
3441857
3443644
3443662
3446637
1427084
1441942
1786586
1797150
2820704
3413095
3413846
3417353
3424341
3425459
1374307
1377279
1380624
1384700
1387526
1387975
1388479
1388711
1389029
1391169
1892927
1902187
2406032
2950759
2956894
3457266
3458920
3464536
3465586
3467844
1470553
1472125
1476620
1481232
1928809
1930381
1932936
1941292
2962509
2963510
3472805
3473441
3475764
3477803
3482833
3487095
3487113
3487763
3489571
3489735
3490272
167231
187019
206254
207825
212406
218253
219826
223752
224687
226645
230289
240717
241436
243157
257294
261156
275277
339586
347559
348413
364089
370823
389622
393283
402794
404901
406937
414943
418052
419055
420610
428230
436135
442401
477212
493373
508481
517205
517406
521485
528052
534421
534754
540988
541959
550447
553424
557232
561797
562380
562448
566174
576419
590659
591477
595840
606285
1396286
1396949
1397392
1405369
1405380
1406216
1408579
1414229
1416535
1418473
1418648
1869675
1878633
2799366
3316784
3323134
3324161
1551637
1971564
1987031
1989339
2441282
2890784
3368824
3376339
3376446
3385840
2668
12521
24528
32005
49053
62791
2997133
101097
103737
113461
136091
151976
152037
1802693
1806880
1814625
2306775
2844215
2850599
3329311
3331422
3340918
3341920
1341204
1344312
1345137
1346975
1347613
1349717
1353302
1353504
1363898
1366831
2336689
2860055
3352582
3358457
3361338
3366052
1530722
1543860
1996155
1997191
2446500
2902539
2905056
2915750
2918392
3399033
1576112
2390705
2928311
2934170
3439579
3446799
3447106
1422458
1432184
1782135
1794301
2283184
2291808
3411242
3413012
3413848
3415581
3415747
3417151
3426611
1369739
1372756
1387496
1390897
2422323
2944462
2950212
3452915
3454955
3457693
3459642
3461807
3463011
3465592
3465858
1474234
1475661
1477101
1928405
2477543
3021999
3471004
3479721
3482870
3483372
3484744
3487177
3487318
3487343
3489617
3490251
156683
166416
171262
176935
182528
217315
244925
260140
268732
270595
271472
274469
283438
285910
292021
318559
320606
330423
330598
338779
353830
369901
371578
379123
379291
384571
400483
405061
407744
412217
415323
416000
420705
421675
439589
450421
457950
460822
462092
463891
464323
473783
484924
486785
492976
498083
499096
510249
523396
523953
533279
538704
541580
548221
563565
564442
565771
575236
578480
594149
598359
600563
609934
611336
617016
647500
649799
651971
2516456
3075145
3080559
3491062
3491162
3491321
3492666
3493259
3493566
3494059
3495304
3497178
3497535
3498875
1399059
1404122
1405858
1408451
1411559
1413713
1419361
1865250
1869815
1880293
2804494
3317329
1566297
1969823
1973063
1983792
1987267
2431455
2878911
3368637
3380906
3383514
27985
35288
37792
39045
69230
80712
86592
97559
97656
105712
107566
114153
137599
1810483
1814646
1816468
2308230
2844570
3326858
3330401
3335178
3338154
3340912
1340095
1345393
1359948
1360684
1361488
1365499
1368222
1828650
1831125
1835452
1835852
1843293
2864254
2872714
3351307
3354097
3362153
1533006
1534578
1545291
1997378
1997514
1997532
1997846
1997863
1998968
1999418
2001743
2458596
2458760
2917266
3392570
3402047
1575825
1948063
1966311
1966661
2400886
2927130
2934263
2935350
2936721
3435536
3437562
3448425
3449744
1419979
1423242
1425578
1427918
1428954
1784080
1797465
2294593
3415501
3421549
1368475
1373552
1375059
1375559
1379468
1379986
1382897
1388713
1391836
1886909
1892411
1892944
1895083
2422245
2951593
2954970
3449962
3453255
3455645
3463097
3464970
3465669
3467309
3469481
3470550
1467543
1468530
1470083
1481134
1931951
1933273
1933605
1943915
3470786
3481914
3484858
3486025
3487579
157673
160845
165193
170659
173350
175135
195442
200021
201876
202229
204015
205702
211721
213875
219924
230369
263211
270849
270949
276380
280055
284503
291087
294045
344132
347811
362115
392432
394303
398433
416717
426560
431604
437873
440813
444457
454353
458379
462174
467054
470044
471297
478317
490818
491721
518780
521620
541308
549160
552990
555311
569084
601707
617515
630301
631001
639826
644891
2037090
2523754
3068013
3074948
3075216
2977183
1399044
1405896
1412005
1414422
1873612
1873971
1875207
1878919
1879721
1883599
2367523
2373182
2793768
2794527
3308267
3317400
3322409
3325615
1554704
1562653
1567195
1973384
2891570
2891695
3376364
3380431
3383114
3384718
410
2743
4415
9227
23431
76452
2972383
2972692
87482
107940
112075
120774
123639
129757
139017
140062
1813607
1821770
2850622
3329202
3338226
1346934
1347302
1351541
1355590
1358861
1360708
1362871
1363507
1366179
1833370
2320870
2325407
2857365
2870510
2870569
3350960
3355163
3365225
1546375
3390470
3392108
1581671
1955729
2386141
2387920
2390385
2395642
2922922
2926253
2930967
3433879
1419700
1421474
1421997
1425284
1426679
1441887
1782887
1797561
3409745
3410958
3411049
3411728
3412964
3414402
3418873
3424830
1378988
1391424
1393955
1891417
1894393
2943880
2947924
2953997
2958979
3460685
3460887
3463461
3464697
1468000
1470133
1479164
1480100
1482674
1927785
1931395
1942727
1945710
2469878
2481601
3014704
3014740
3472183
3474225
3481316
3481575
3483183
3483381
3483856
3486466
3487491
3489333
3489340
3490435
3490867
170510
177457
186322
195546
227793
237294
240204
256380
256537
265029
279065
294652
320488
337093
360355
362663
365671
370526
374368
378909
380052
387472
406426
411361
413978
415275
416377
423095
423127
452143
457262
459504
466724
468053
470159
479560
479917
481966
489777
492626
497338
498133
500884
507134
513677
514620
518589
524337
545229
550152
551456
553462
564758
572782
579966
585739
595944
608471
623686
630395
635284
2032714
2524489
3068956
3071760
3491739
3493443
1396187
1397966
1398995
1401842
1402803
1403157
1403507
1410902
1413567
1413728
1414696
1416693
1419333
2374335
3307423
1567723
2882016
2888743
2890215
2896817
3367798
3369202
3372303
3377326
1342039
1348655
1349959
1351874
1352724
1355532
1358640
1362034
1366632
1837113
2867108
3356534
3357756
3358917
3366387
3689
9069
46280
65639
79029
88646
90593
111399
114818
120927
125021
128497
130269
150082
1822037
3340958
1533463
1541344
1999114
2447617
2459042
2900593
2902165
2904344
2915933
3389540
3395967
3405127
1570849
1573925
1577669
1581327
1951325
1959188
1967819
2381855
2392351
2925704
2936200
2938054
3433560
3435875
3439862
1421223
1430404
1432630
1788220
2280879
2821527
2830308
3411168
3415112
3418295
3422396
3425808
1373984
1374895
1376324
1380968
1382283
1382615
1386102
1391207
1891361
1894387
1901514
1902489
1905608
2412907
2414711
2940494
2946517
3450097
3453273
3456181
3457503
3458171
1465600
1469780
1475453
1479172
1482655
1930501
1935156
1940704
1947349
2466505
2480005
3022336
3024658
3475219
3475444
3476537
3483557
3483757
3484700
3485311
3485736
3488862
3489623
165472
175050
188393
193041
193373
193559
205480
205784
213186
215240
215576
218541
219377
241605
260125
277955
279927
284082
310954
311372
326855
331971
332296
337144
341270
344128
361951
364084
379978
388627
390942
391281
392635
399873
411980
414688
417821
426520
435962
436748
440149
440299
441403
442389
450184
453678
460055
460923
466721
467064
467257
469908
471755
472423
472623
479450
491682
495651
498102
512356
525467
527271
535184
543183
564089
564539
565286
1396030
1401382
1403922
1406676
1408080
1413563
1417908
1868776
1870633
1871452
2360591
2369652
2374328
2377975
2802100
3310278
3318683
3320206
1977275
2434428
2889358
3367770
3376608
3383077
3386804
1341832
1353131
1359416
1361255
1362455
1834315
2332265
2873531
3355570
3359832
3360232
3360249
3362890
12524
49073
77018
78807
79958
2969727
95219
99113
99814
118933
145656
146841
149481
1806975
1811788
1822484
2302882
2307765
2842965
2853626
3327326
3341947
1529430
1540126
1544873
1999200
2449300
2455969
2902461
2912704
3399554
3403184
1571578
1583245
1584667
1585853
1954144
1961581
1961985
2383238
2927544
2939762
1426899
1428690
1431648
1784565
1790396
2284716
2292236
2826835
3417069
3417841
1374991
1379018
1380004
1381076
1382998
1383616
1384452
1385302
1387059
1390768
1391504
1897992
2412018
2953933
3453220
3453420
3456864
3459639
1465072
1465621
1477272
1480630
1931683
1932170
2483377
3013029
3473843
3473861
3475297
3479992
3485089
3487315
3487562
3487615
3489169
157938
161800
180265
189440
208528
218774
223635
230688
243038
256842
257577
258882
266520
267873
268509
268510
271368
274608
283281
297908
299543
381568
386030
409644
411919
431657
432658
443972
462505
463728
478600
500477
505726
522005
533369
539653
545333
554308
554793
562614
562800
565690
567343
584323
587217
592883
593816
594201
600685
603475
605415
627461
631305
640829
645642
2037139
2044577
2044760
2050994
2507563
2525375
3076320
3079696
3081235
3492478
3493531
3495972
3496872
3497257
3497508
3499097
3500148
3501134
3501751
3506200
3507335
3509240
1407811
1411019
1872826
1876125
1877942
1883388
2793641
3310491
3323929
1562065
1564782
1974804
1988333
2438969
2884230
2895153
3370189
3370764
3373572
3374769
3379513
3386699
1087
8618
30478
44675
45420
84115
89295
106384
106452
114138
128337
135266
150265
1803034
1807607
2315508
2834923
3326199
3333362
3336436
3336895
3337874
3341784
1340768
1345148
1349051
1353159
1353336
1353761
1355969
1358707
1367769
1825989
1842608
2862563
2874595
3355881
3358598
3361095
3361465
3363680
3364048
3364750
1535395
1535461
1536631
1538008
1538710
2003811
2007485
2904352
2912131
2913244
2915986
3393026
3394055
1572227
1582755
1950640
2386936
2939214
3435978
3441685
3441917
3443691
3447465
3448276
1423430
1424864
1427140
1431582
1434958
1435453
1792638
1795950
2282482
3415420
3417124
3418121
3426252
3426418
3426441
3428926
1374596
1378774
1380603
1384983
1388325
1388466
1393480
1893039
1896090
2955853
3450341
3463043
3468257
1468352
1479882
1481154
1938976
1946396
3473680
3477817
3480021
3480098
3483542
3485480
3487584
3487711
3487786
172993
173459
175710
182385
182687
183330
183496
212903
218524
221600
222195
236801
238314
254383
255219
256721
257832
279996
282259
282761
298914
299337
305730
326088
335003
346467
350522
360241
361820
365989
381404
382542
385641
403961
411154
421977
423020
423856
427766
431374
431567
433884
437124
442806
445582
450026
469214
473326
485883
496145
506182
518507
539072
547494
548796
550836
551197
567439
569052
574927
586134
587636
597289
607049
619849
624629
637901
640650
642924
648070
1398686
1398879
1400240
1401944
1402673
1403891
1405077
1405795
1406556
1408396
1412265
2373915
2793567
2808843
2810472
3316188
3323980
1557965
1560301
1568911
1969600
1971247
1979403
2440967
2889363
2893807
3376713
3381161
3382547
997
2076
28387
45149
62129
70546
76326
85293
2997059
93574
93874
99258
99876
105099
106010
115395
118092
122990
123540
126691
130592
151284
152588
1805359
1809896
2836251
2838573
3326877
3330264
1349711
1349743
1351633
1355909
1358560
1364390
1365587
1365637
1365855
1366487
1840137
2323304
2325133
2854949
2867217
3358797
1540081
1541249
1547894
1996397
1998230
2008722
2905221
3389874
3392032
3398373
3399434
1577699
1588731
1953413
1961987
1962473
1962998
1965013
1966217
2924616
2926445
2929614
2935262
2937688
3436670
3445112
3446630
1419903
1426419
1427098
1427187
1431474
1433178
1783481
1797421
2284239
2814023
2824290
2826648
2830960
3411720
3418404
1377980
1380770
1382817
1391098
1391491
1392159
3453314
3454854
3454886
3461588
3461838
3462099
3463653
1466113
1477391
1480817
1481271
1482464
1931453
1945725
2466185
2474409
2962845
3022016
3473331
3475310
3475410
3481326
3481444
3481887
3482712
3484695
3485288
3485556
3486467
3487603
3488203
153942
156571
162405
171540
188527
196826
206811
220458
221369
223966
237245
242518
249495
264753
264996
281508
286145
300842
311824
311967
317072
324485
331169
356594
362071
364107
371320
372020
376432
383970
410360
418366
431177
440183
451458
459253
465101
471085
478523
504495
519299
526730
527105
538376
547711
556178
563055
564516
566520
602070
604910
607089
613273
1404581
1407072
1408506
1415611
1869555
1869857
1872346
1875654
1878162
1881670
2372299
2808912
3310922
3319495
3320065
1563315
1563632
1564119
1976596
1984722
2440170
2879621
2884820
3377738
3383605
4545
8689
25535
27839
68755
74084
101394
111471
117670
119006
119925
122886
123435
127832
1803773
1804862
2305683
2306417
2834833
3329506
3340200
3342306
3345869
1342377
1344749
1345887
1346336
1355026
1360461
1361061
1823878
1828743
1842666
2865702
2868176
2876347
3366342
1531059
1548139
1998992
2003804
2005927
2904006
3400551
1570467
1581665
1583422
1587166
1588519
2394910
2919816
2922973
2923726
2924845
2924879
3436098
3441914
3443403
3444035
1428528
1429634
1430770
1431653
1432272
1795885
2280349
2285710
3411696
3417095
3417180
3428244
1377022
1380983
1387067
1391162
1391413
2414798
2944601
2957084
3456654
3459179
3459747
1467285
1927964
1928032
1935952
1941032
2481063
2964155
3471128
3483028
3484647
3486604
3486670
3486970
3487138
3487606
3488959
3488978
3489612
3490682
172890
187679
194650
216174
219916
221724
222809
223128
223728
260009
285298
290880
295994
299985
325389
328648
344860
349538
354486
359566
386942
398038
410291
415254
423776
430194
431013
438869
451467
457168
459757
461146
463469
485831
527311
541430
541734
548035
561052
562873
570461
574405
576345
580925
582078
587292
596733
607163
615670
624175
645984
646254
649962
2031631
2508907
3066235
2975236
3492235
3492318
3493471
3493756
3494556
3495662
3497049
3498868
3500240
3500357
3503082
3507445
3508479
3508896
3511302
1594586
1604714
1609592
2053876
2062919
2607913
2614061
1394753
1399782
1409712
1415709
1415994
1869321
1872195
1878545
1879664
2378434
3306659
3308231
3308333
3318459
3321967
3323337
3324658
1557433
1563347
1567912
1977902
1980459
1982646
1987677
1988064
2894531
3376385
3383320
1339988
1347674
1350150
1351888
1354745
1360040
1360876
1823344
1836514
1839554
2336935
2857731
2860235
2873020
2873054
2873939
3351064
3357516
4007
20470
39324
2970337
2998581
94542
96163
102477
104185
104751
118508
119725
122786
126243
132695
133382
135437
139179
151381
151896
1804926
1807685
1814603
1818513
2846597
3328855
3329440
3331078
3337209
3341925
3345565
1537394
1537894
1545084
1994329
1995533
1995599
1995618
1997958
2001317
2002604
2449443
2458718
2910439
2911694
3400232
1579076
1954353
1959286
1962026
1964634
2382191
2392055
2395497
2925149
2934790
2935224
2939085
3434809
3439274
3441346
3441548
3443637
1426124
1426490
1431655
1782468
1796540
2284310
2284676
2286831
2813792
3410092
3411732
3415191
3424698
3428210
1371906
1374214
1374282
1375516
1377005
1388739
1392064
2412745
3451572
3453312
3457290
3464725
3469003
3469707
1482327
1482844
1933280
1941400
2962498
2964738
3474236
3478046
3480150
3481354
3482860
3486753
3487304
3490597
162611
181597
182297
185137
202336
207348
230531
233403
239721
241995
246960
250102
253878
270388
279080
279248
282788
286115
294254
295777
301910
302142
306554
309747
310164
321896
323400
323636
355805
360468
368358
375627
386225
390901
394664
396232
420717
437497
441092
441758
446389
448361
462935
478524
497980
512471
516966
527041
534580
569742
572465
583146
1396500
1397286
1411608
1411944
1412961
1416170
1417523
2365056
2795131
2795385
2804592
2809071
3323062
1555417
1559398
1568757
1978528
1982036
1986415
2431535
2891363
2893872
2898498
3373065
3379235
3385016
1344710
1344877
1346814
1346949
1351676
1358245
1363057
1364229
1832446
2325043
2861851
3358843
3363859
3365163
1344
3601
36407
53320
72639
73993
2979907
89937
94032
103156
105763
108185
108422
121957
133522
141345
141895
142681
1814698
1816784
2302551
2308249
2852323
3332421
3336801
3345276
1537337
1540613
1993285
1994186
2000791
2008929
2454617
2900437
2906021
3398151
3398487
3400006
3408062
1573133
2388116
2923834
2934680
3430122
3436774
3447287
1422522
1424911
1427284
1427620
1431060
1781070
1782359
1783445
2297068
2817945
3417203
3418925
1369995
1375108
1376880
1378883
1379520
1387025
1394259
1886257
1886326
1891274
2416377
2956325
3450313
3457397
3459137
3463632
3463800
3465571
3466221
1467546
1477138
1482586
1930664
1933557
1938319
1943481
1944654
1945453
3015486
3017157
3475799
3475931
3482783
3484137
3485224
3486763
3486795
3487563
3489585
159676
176005
181435
205454
234430
246701
249123
257512
265550
282012
294147
305343
306780
308252
314568
316508
320066
329407
336527
341744
374599
386532
404884
405984
427362
430587
435381
457224
457709
470563
472618
490870
510639
513662
517974
530610
547107
549180
553892
558036
558822
579796
581668
585061
586547
607136
631185
635365
636234
636870
643603
645711
649084
2044007
3066744
3491122
3492243
3494215
3494615
3496288
3498878
3502236
3506748
3510074
2088264
2092843
2583037
3033719
3039835
1398403
1401052
1401316
1407661
1410608
1412714
1413252
1413343
1416426
1878515
2371969
2373373
2806729
2809335
2812016
3306002
3308978
3323911
1556042
1565123
1975283
1987892
2889260
3368733
1341288
1342422
1357455
1357521
1359927
1362569
1363646
1835576
2865732
3356535
3363955
914
1605
1973
4449
11274
20632
2980310
2996790
100720
109512
113220
118402
127119
129691
143763
145101
146110
1807087
1808064
2307034
2841866
3332410
3333346
3335243
1997007
2008639
2900658
2912115
2912817
2913362
3390970
1578704
1586685
1588096
1949720
1955268
2920171
2925053
2934779
2937092
3441867
1429017
1781892
1787701
2822369
3411394
3424553
3425864
1370991
1373635
1375805
1378715
1379890
1380828
1390411
1899648
1900709
2405061
2954163
3450266
3451895
3457645
3459392
3460785
3461664
3465374
3465508
3466735
1467723
1468761
1479266
1927426
1947048
2463664
2964402
3012030
3483247
3485723
3486757
3486866
3486998
3488397
3488770
3489667
3489672
3489742
3489965
3490274
163490
167268
168231
171446
203468
213987
224892
237162
241440
244307
251393
260317
262955
266567
277804
312064
320220
331077
337068
350236
351767
362236
367282
375199
390746
396221
396830
398368
400433
411261
416316
443092
454858
456921
467524
487505
492292
501077
502815
520193
527145
535137
539815
544534
548537
550652
556795
556961
560473
562450
564122
564649
569127
572973
576715
581604
584737
588547
596044
598014
599752
603932
610173
611286
616993
630295
635954
646818
2043576
2514325
2519973
3073591
3492339
3493275
3493375
3494243
3494656
3501299
3501999
1400317
1403412
1407420
1407490
1409594
1416329
1416346
1417114
1418033
1874015
2368454
2375791
3308881
3314365
3323606
1560659
1565790
1975493
1976667
2427482
2439901
3381032
3381162
3382768
3386880
1341155
1346286
1347339
1348526
1349864
1350749
1352004
1356601
1365223
1836530
1838604
1839806
2332558
2862393
2873323
3351316
3358283
3359921
3367411
4308
4561
12766
26221
86517
2969002
2978058
2979966
2998048
87689
88742
97681
108513
111036
112708
113225
131675
132360
146515
149791
152916
1806648
1816159
2852163
3334036
3337897
3339033
3345600
1991656
1993911
1996287
1997038
1998157
2901284
2909087
2911310
2915237
3391909
3392679
3403509
3403892
1579194
1582119
1952350
1952731
1968458
2921870
2926501
2930009
2930411
2933723
2937146
3446459
3448331
3448397
3448499
3449601
1421243
1421809
1429246
1430884
1432039
1434747
1435466
1782518
1784039
1786762
1795335
1799781
2833147
3418166
3422659
3424748
3424750
3428192
1369954
1377457
1384641
1385228
1390895
1391261
1897098
1903382
2405624
2420496
2953409
2954530
3451824
3453781
3457455
3461469
3467064
1466150
1469241
1473102
1475844
1475908
1481005
1481858
1936121
2466490
2466607
3475139
3475305
3476477
3481472
3484512
3487254
3487320
3487624
3489777
3490813
153435
158283
158598
160789
163446
164497
174244
176129
180424
209038
211593
212863
215069
218632
277794
283391
286482
298648
309395
310982
319925
328230
342234
351979
352849
362075
362207
389166
389417
393344
406678
408099
416621
426049
440038
443665
443863
449496
467329
474432
479227
479393
487887
500136
516714
517969
1399243
1399779
1406106
1408235
1412783
1413858
1866945
1870067
2373465
2797286
2798422
2808800
3307943
3312105
1567546
1568014
1970093
1982536
1985194
2885033
2896179
1340090
1340258
1340308
1343084
1343509
1348103
1350193
1353362
1354098
1354280
1360228
1361239
1825629
1829591
1837790
1839876
2328491
2873669
3355146
3355589
3356561
3363831
3365224
9446
23811
35021
41541
53316
67227
75369
81049
2973809
2997048
88008
90073
109779
141581
141931
1803787
1807942
2836458
2838430
2839384
2839834
2852888
3326370
3328985
3332700
3335276
1530089
1534265
1536044
1995629
1996701
2002724
2005857
2901027
2903099
2903235
2906986
1577667
1960576
1968114
1968253
2383800
2386240
2397247
2400905
2920447
2938699
3445401
3449463
1420271
1421521
1427530
1427655
1432296
2280827
3415146
3417282
3422548
3424756
3428664
1373707
1375336
1375729
1376040
1376347
1378605
1378680
1387136
1390487
1894960
1897879
2411769
2942000
3455247
3456183
3458723
3466418
3468940
3470255
1478681
1481739
2467078
2964803
2965028
3479654
3480115
3483148
3483591
3487049
3487410
3487717
3488103
3488521
156357
158747
176445
181457
185801
189170
206368
223666
224770
225034
231772
269990
275074
276310
281072
317658
329672
337128
345466
364668
403308
411582
419809
422385
423757
430305
431627
432345
434803
435721
451022
454198
461543
478337
492366
503666
504466
511486
535936
543674
545957
551387
553345
561969
562762
589034
594993
601752
616492
622340
627156
632075
634926
639581
648244
651120
2037409
2517318
2524888
3067776
2976460
3491061
3491218
3494644
3495709
3496877
616485
633436
640456
641085
641353
2034344
2038549
2041989
2047262
2506965
2517511
2525095
3490968
3491161
3491447
3492240
3494212
3494662
3494898
3497538
3503686
3504222
3504304
3504715
3506169
3507030
3507616
3508452
3508870
3509427
3511285
1595240
1597273
1598273
1602067
1607133
2053807
2619205
2626007
3121313
1643379
1649474
2077196
2568908
3032612
3040175
3511985
3512635
3514318
3516454
3520134
3521309
3521552
3522624
3527586
3528990
3530226
3531605
3531716
3531730
1622030
1628132
2107987
2108187
2554786
2558648
2562006
2992786
3533584
3535960
3536310
3540047
3543498
3544166
3544991
3548617
3549214
1757759
1757784
2180601
2184724
2194702
2595909
3113075
3117126
3574900
3580755
3581291
3588511
1456428
1459811
1850347
1859028
2487763
2500749
3047245
3051257
1725939
1737028
2217405
2221349
2224396
2742359
2751151
3263587
1489716
1500905
2028760
2029021
2988374
3095334
3556941
3557984
3563775
3564279
3565776
3568005
3570613
3572953
1023433
1026859
1029924
1034654
1038848
1044732
1045050
1048826
1052259
1054242
1054610
1061501
1063566
1066474
1071390
1071779
1080214
1084197
1092821
1093957
1097208
1100795
1114781
1131036
1134705
1143268
1148827
1152778
1161152
1165146
1167843
1171587
1174981
1177489
1178843
1192554
1198259
1199374
1208848
1209566
1213721
1221641
1222552
1232898
1238278
1242690
1253068
1255301
1255951
1265547
1270802
1272170
1273835
1287982
1288039
2137860
2140200
2142765
2633091
2635542
3142137
1661513
1663128
2118258
2122963
2131762
2663207
2664036
1521990
1526059
1925912
2775644
2791091
3290520
3291349
3294003
3301523
3303395
3304049
566997
573592
582098
582723
589357
592033
592065
592290
610835
613264
614686
616158
620913
621395
627790
644041
2051476
3072947
3080553
3491795
3491963
3492013
3492463
3493610
3493628
3494621
3496325
3497447
3500387
3502284
3504688
3505367
3506128
3508557
3508586
3508686
1592234
1599861
1606831
2052494
2069206
2624880
3125695
3130850
3601631
1637483
1637490
1639269
1642602
1647743
2074354
2076083
2083989
2578759
2581417
3025358
3032571
3035665
3037533
3041795
3514884
3517510
3521161
3521379
14910
3525187
3526884
3528070
3529142
3529749
1612422
1620928
1623750
2111765
2551244
3087630
3088116
3092110
3093914
2980756
3535115
3535908
3536276
3536887
3538105
3538534
3541842
3550891
3550909
1742685
1742710
1747994
2176098
2594003
3108111
3114138
3575895
3584844
1857808
3051655
3052477
3061937
1735251
1736494
2222533
2231068
2744497
2745176
2747062
3243890
3248320
3252439
3254372
1485038
1487603
1487971
1488282
1492176
1492844
2016262
2016662
2018427
2024332
2024961
2529066
2532374
2536336
3006685
3011311
2989519
3094800
3096797
3557150
3563727
3564220
3565031
3565717
3570011
1020523
1029658
1042215
1043544
1044816
1051668
1059213
1063025
1076561
1079294
1082234
1082813
1089904
1091576
1108224
1116387
1117873
1130241
1132599
1132606
1148782
1150847
1153069
1159289
1171957
1177530
1193799
1197093
1208732
1221532
1222568
1223679
1237701
1246493
1254156
1265470
1276309
1277095
1280235
2144078
2146286
3154353
1663730
1664112
2113744
2114848
2119935
2121675
2121825
2128670
2132603
2656868
2659065
2667121
3163170
3174320
3181143
1512346
1512539
1512664
1514443
1906701
2773452
2777807
2783112
3304122
3304776
1706135
1407186
1409209
1411466
1412049
1417046
1417401
2363927
2794692
2808779
2810702
3310221
3310602
3310836
3312527
3325212
1554892
1558253
1562914
1984770
2422823
2882045
2883183
2886457
3367592
22962
66816
72130
72279
2971323
2972529
87772
88891
95207
99321
101942
122602
122936
124440
132192
138178
140616
1806597
2846498
3343011
1348826
1349930
1356065
1357969
1358054
1831952
1832352
1834290
2862608
3348189
1531747
1993243
1999010
2900580
2901467
3398612
3403741
1583119
1585778
1590739
1953518
1954235
1957347
1967037
2928424
2931449
2935461
2936612
3437484
3442632
3446476
3447010
1420173
1421511
1422915
1425053
1425085
1428982
1798543
2819575
2819660
3419587
3420755
3422529
1369435
1369518
1369584
1379095
1379493
1394001
1887870
1894373
2411140
2417690
2941928
3452996
3456236
3456387
3458842
3463339
3463573
1478601
1941135
3472850
3482827
3483346
3484680
3487205
3487303
3487754
3488007
3488943
157030
159719
160887
172085
181179
182513
183117
195600
195851
207349
212531
218881
225550
235327
247678
272761
296442
303732
305000
340466
342370
354955
355223
365551
367223
370999
400311
408767
410037
424830
426783
429291
431648
435992
451955
453408
461311
472326
497277
498581
498981
501991
502744
507690
511683
526040
530203
537621
544856
559964
563293
568139
569892
569943
573404
597353
600344
603954
605639
613980
617358
622555
629890
636691
645032
2045970
2517432
3069976
3491919
3493119
3493289
3493738
3495344
3495980
3496263
3496882
3501762
3503666
3504653
3504721
3509833
3510386
1592464
1593881
1598863
2055198
2057953
2608782
1395680
1407833
1408166
1409920
1412278
1418326
1418826
1885156
2793879
3321927
3325468
1551340
1565915
1567787
1973482
1983309
2883774
2894824
2897196
3367670
3380738
1340545
1342586
1345444
1349070
1349788
1364645
1367554
1834365
1843276
2331044
2860396
2862382
2864057
2864489
2866462
2871491
2875653
3349671
3356555
3366366
409
27899
67558
77385
81047
2967791
2968909
2978837
2980091
2996836
111395
119734
121524
147245
1804818
1813795
2837299
2843048
2844533
2850750
2854411
3330198
3334309
1529833
1997113
1999017
2452125
3391198
3392284
3399522
3399557
1583895
1967797
2392129
2938775
3437408
3437411
3444963
1422891
1424395
1425981
1427767
1429507
1430443
1791046
1792386
1800492
1801860
2295916
2819715
3416702
3417188
3427583
1369594
1374606
1382376
1386173
1394476
1888082
1889382
1892844
1904944
2405665
2408942
2949104
2949707
2951797
3457281
3459789
3465019
3465502
3469699
1463618
1478443
1478961
1482451
1942730
1947610
2477947
2965966
3024276
3470817
3471285
3473457
3477938
3478273
3478338
3481332
3483235
3483317
3484721
3486761
3486779
3487180
3487447
3487529
3487865
3488351
3489301
3489520
155348
160364
162368
170323
171027
174885
184078
196813
240333
241534
248989
261975
269695
272221
280710
281763
281860
289215
292023
298740
314134
314834
340391
353391
397279
411516
422816
427946
436738
438727
457943
458779
459347
466754
471230
494025
514264
528536
535138
538146
540686
544129
551954
564053
566944
581284
585127
591276
600035
600068
617180
624250
630234
633709
650707
2043255
2049057
2050961
2515030
3066878
3071725
3491741
3491791
3501256
3503621
3503628
3504532
3504589
3506997
3508476
3509446
3510446
3510471
1592690
1593796
1594598
1610835
2063784
2067483
2627989
3122686
1645227
2073065
2075675
2076809
2081364
2081598
2083270
2084574
2088309
3037545
3518672
3520835
3520969
15295
15795
3525713
3525990
3530434
1613684
1613875
1613882
1616724
1621004
1629283
1631023
2093087
2096529
2109876
3087547
2982198
3538015
3541057
3543002
3543270
3544208
3544542
3545044
3548609
3550885
3551760
1741389
1757469
2607106
3107076
3114528
3116202
3574256
3576794
1457481
2488839
2503847
3048407
3058903
3064149
1727753
1731161
2231533
2233416
2733884
2740027
2747113
3255550
1491173
1496962
2013844
2020121
2021636
2544827
2545027
3001018
3556072
3557299
3557876
3558180
3558337
3560645
3560745
3561947
59222
3564630
3567395
3568740
1020885
1045026
1045051
1045283
1045853
1048568
1053148
1059557
1070326
1072557
1075567
1084391
1088035
1089546
1093483
1094885
1096800
1097793
1101012
1101514
1108800
1110002
1111499
1116620
1116988
1123865
1139384
1144530
1149233
1158936
1160776
1162807
1168328
1181055
1186003
1197342
1197601
1198914
1203751
1207270
1209174
1213477
1229085
1235980
1242832
1244863
1245274
1249920
1260918
1265821
1267795
1273875
1275322
1280368
1281465
1291257
1291298
2144127
2149216
2637722
3150821
3152357
3160445
1654687
2114288
2117664
2120406
2126454
2130230
2665196
3163689
3169580
3173215
3177066
2202528
2699024
3192208
3198594
1506220
1506256
1524938
1911825
2352767
2783147
3286325
3301701
3302544
1676645
1678887
1690617
1693661
2154655
2156159
2673186
3208645
3209983
3211653
3212330
653182
658734
659959
660797
1395031
1399476
1403237
1404088
1411375
1411908
1413462
1413579
1415720
1867927
1878605
1881728
1884822
2796104
2802502
2803187
2813215
3310680
3311716
3317363
3318235
3323598
3324616
3325252
1563959
1564160
1969485
1986351
1988120
2439791
2880282
2895225
3376177
1176
1843
6324
13876
25057
32128
39915
45967
2978450
2997152
101419
105696
106381
120421
123094
128141
134726
1805806
1815115
1820595
3326841
3327141
3329081
3333876
3345490
3345658
1354452
1355773
1355923
1358046
1359349
1826512
2331631
2857904
2867650
2869154
3346947
3357826
3360483
3361737
3363441
1996329
2007139
2902245
2909879
2918271
3388642
3394457
3398270
3400627
3402195
1571880
1576913
1949447
1963656
2399684
2921762
2929986
3429622
3435423
3436809
3441921
1429338
1430845
1782860
1783677
1796414
1798818
2280891
2833053
3411019
3414496
3416521
1368656
1369110
1374689
1382981
1385536
1386939
1391502
1886226
1900965
2414791
2941850
2946665
3452535
3453036
3454857
3454958
3456362
3456579
3459370
3463667
3467390
3467775
1470653
1480196
1930732
1940441
1947994
2466599
2483962
3471401
3472173
3472959
3474913
3478239
3478404
3481580
3484338
3485359
3485909
3486946
3487231
3487263
3487981
3489554
164973
170525
181754
190846
194740
199805
204014
207743
213092
221547
222916
223937
227113
229986
233912
239845
247383
252431
253603
253971
283365
287728
293476
303971
325363
327704
332752
349563
350835
357401
376472
383542
386782
394519
398032
406638
412103
419120
426826
430670
438743
439461
443905
445060
454720
466483
466837
467352
467520
468224
470427
470631
471517
499994
509668
510521
510908
518769
520926
521711
524536
528261
532139
539761
545358
552363
559649
562423
569226
576059
578782
587744
597219
597419
610638
616220
633217
648342
648978
2514237
2522212
3067153
3070997
3076713
3492019
3493557
3493838
3494659
3496346
3496429
3496763
3498201
3498786
3499020
3500807
3503700
3503783
3504602
3507442
3508648
3509099
3510435
3510469
1634995
1637669
1642247
2072910
2082804
2576594
3040264
3514364
3519325
3520095
3520344
3524056
3525092
3528719
3529387
3531825
1592679
1597642
1598327
1601756
1608725
2052692
2058170
2059725
2608110
2615517
2615968
2617221
3597022
1745480
1759805
2177032
2193591
2194095
2194514
2600992
3106395
3573175
3579706
3579974
1622846
2095674
2109246
2554432
2981736
2984293
3536137
3536341
3541870
3546184
3547052
3547069
3547120
3548371
3552602
1442367
1849183
1849766
1851974
3047531
3066132
1722818
1724439
1726996
2234139
2743114
2750002
2750470
3254133
3263676
1489361
1492052
1498974
1499023
1504673
2010508
2018379
2528947
3011450
2989909
3553136
3553187
3560256
3561841
3561941
3565855
3565938
3565989
3566340
3570635
1026912
1033981
1043456
1043707
1046147
1046266
1050261
1050995
1053386
1057428
1061674
1064548
1067490
1081613
1082532
1083549
1084519
1090618
1118832
1124614
1127222
1137348
1141443
1142077
1142913
1143364
1147057
1157772
1159642
1183391
1183659
1192415
1193604
1201707
1201860
1207123
1239543
1254119
1255691
1263194
1264398
1269844
1271969
1274222
1276796
1286856
2136888
2140079
2147331
2149039
2149688
2151696
2647788
3150066
3151902
1668770
1675154
2119889
2130502
2132042
2665419
2668961
3162464
3167246
3174596
3178125
1698003
1701345
1703651
1397272
1399680
1402277
1404453
1408263
1415722
1416819
1417028
1418764
1873267
1885335
2377460
2377517
3308469
3318763
1556140
1560452
1565602
1569044
1977530
2425215
2438283
2440157
2440564
2882846
2890400
3367665
3377793
3378897
1341054
1341184
1342279
1343817
1345289
1345757
1346827
1349442
1350512
1351807
1352009
1352284
1356621
1356753
1361172
1363203
1368058
1832391
1841681
2338752
2854961
2855329
2864562
2867091
2871605
2872484
3346939
3352564
3359920
3366393
23769
27409
27420
82104
83304
83431
91896
100109
108533
114549
128260
137520
1807657
2305730
2853028
3330304
3331306
3338617
1533612
2002757
2902566
2907805
2907873
3389523
3390668
3395341
3399492
3399526
3400421
1571852
1574851
1579338
1955368
2923122
2925730
2929474
2934145
3431105
3435524
3435819
3447149
3449689
1423037
1423871
1424850
1428158
1428985
1430898
1434774
1793451
1794426
2818734
2830893
3413091
3414634
3420550
3424898
3427234
3428665
1369964
1370159
1373599
1373665
1374880
1375782
1376977
1379581
1381421
1383938
1385031
1390981
1391147
1392592
1392853
1393528
1899484
1906359
2942265
2943935
2944578
2946711
2948824
2948994
3454969
3457209
3457243
3461689
3462825
3463536
3463704
3465776
3469143
1463613
1480634
1482063
1483031
1927392
1930068
1947012
3471256
3474030
3485121
3485787
3487391
3489165
3489406
156004
168138
170301
173484
190096
197743
218467
221641
226398
236326
244905
247388
252938
259322
269782
271854
284756
287196
289906
291710
292703
294809
300268
309826
310653
325627
333415
334528
335228
338999
342975
364244
368979
369383
369649
370424
376101
377603
383455
385423
387072
3080263
3080549
3491042
3491191
3494835
3495268
3500534
3503424
3506063
3509522
3509525
3511562
1593791
2057964
2619871
2624283
2625169
3127241
3129617
3131171
3135447
3594358
1642274
1642773
1653337
2084117
2088044
2567009
3042495
3042878
3512615
3514369
3515856
3517263
3520135
3521071
14813
3524166
3527906
3527956
3531750
1756453
1759529
2178910
2187183
3117150
3574637
3574851
3575655
3578663
3580985
3586084
3589310
1629206
1630174
2097571
2102016
2104924
2105677
2548590
3086380
3088502
2992356
3532453
3534758
3540374
1851814
1854821
2488140
2497335
2231704
2236952
2731425
2738913
2751796
3255443
1485445
1487267
1504880
2013776
2028380
2030505
2526130
2529741
2536322
2542324
2995131
2989380
2989951
3094921
3096861
3554564
3557322
3558140
59033
3568954
3569989
3570039
1020320
1022292
1032369
1033973
1037481
1041076
1043598
1049632
1058506
1059996
1061531
1067598
1071560
1074118
1086517
1092752
1106556
1107256
1107641
1112621
1118788
1122885
1128165
1150340
1164147
1166987
1175479
1185304
1185839
1187712
1191323
1203269
1207064
1215019
1220700
1222943
1225115
1236311
1241241
1250334
1251220
1253241
1257186
1257318
1257403
1259808
1260780
1262316
1265724
1267864
1282136
1283171
1285597
1292381
2144349
2152423
2154028
3159015
1655595
1658286
1660457
1669599
1672876
1674311
1674479
2126634
2666513
3177900
1711229
3183680
3185437
3200946
1510963
1513085
1513739
1913031
1919901
1922742
1924713
1676583
1689737
1696471
3210255
3220833
3222974
663858
664729
669810
675675
680941
704420
706073
706477
706524
721718
727301
735921
749094
750379
754891
758167
760189
773929
789588
798511
798630
802556
3497294
3498057
3498734
3498934
3501965
3504741
3509160
1634815
1639595
1647285
1648351
2077563
2077997
2086719
2583113
3040076
3514233
3516541
3519917
3520283
14482
3525597
3527844
1595484
1599058
1599519
1603563
1607016
2058345
2061353
2069575
2071488
2614176
2619413
2625297
3135602
1742818
1744090
2601004
3103916
3105356
3578950
3582987
1613255
1624260
1630614
2099696
2109215
2561821
3085600
3532481
3532592
3534991
3536268
3536868
3537695
3541584
3543579
3546319
3549472
3550808
3550876
1448941
1861369
1863945
2501200
2503795
3057479
3057490
3064074
2229713
2733202
2735497
1484771
1486845
2010443
2028836
2525432
2527004
2532575
2994418
3009383
3554441
3556392
3558294
3559325
3562742
3564478
3565205
3567088
3569794
3570353
1029062
1030934
1037622
1042525
1042634
1049052
1051051
1052828
1054232
1054566
1059048
1061277
1064994
1066598
1069574
1072548
1081910
1085609
1087490
1088085
1094735
1117540
1121384
1121886
1123815
1123922
1129999
1140195
1146509
1155510
1181884
1182118
1188366
1193114
1193907
1194943
1196347
1200602
1209181
1211764
1212264
1216744
1219184
1235394
1236934
1240544
1241637
1268079
1273457
1280545
1280888
1282156
1285423
1285970
2142607
2142614
2145215
2152944
2647534
3153888
1654912
1668548
2120788
2127876
2133583
2668488
3169764
1705845
1707222
1713563
1713906
2205856
2693285
2693649
3189016
1509114
1513015
1525724
1918232
1924584
2785078
3286609
3287720
3294265
3304659
1676395
1689397
2160989
2686240
653627
656712
663930
679340
699721
710022
722783
734590
735626
738166
742839
745756
749998
756618
757881
768952
777774
778410
796294
796928
798489
621393
623348
629750
641449
2039495
2042168
3067030
3079812
3491657
3491693
3492343
3493580
3495988
3497191
3497509
3498545
3500167
3500550
3503693
3503725
3505079
3507584
3508388
3509205
1593776
1608048
2059566
2611113
2620387
2624099
3121978
3598318
3599439
1639632
1642190
1642925
1643461
1643880
1648791
1652467
2077164
2077500
2583920
3033401
3041608
3512982
3513635
3513786
3516375
3516576
3517829
3517930
3518483
1618139
1619326
1619594
1620647
1629840
2105126
3085513
3087549
2986791
3534977
3535042
3538636
3545156
3547714
3550267
1753997
2595869
3117416
3573518
3575621
3575690
3580102
3588793
3589994
1451315
1453805
1455028
1458622
1461376
1844728
1856727
3050718
3052840
3061682
3062632
1724785
1731687
1737385
2736758
3250148
3259086
1491177
1492982
2023319
2024856
2030186
2545216
2995547
3556102
3557120
3559277
58732
61690
3564276
3565879
1019986
1030382
1030732
1036716
1037315
1037534
1037902
1045121
1046593
1051020
1052441
1054932
1056035
1057804
1060447
1064374
1065210
1066513
1079550
1086870
1095375
1097298
1106507
1106754
1114542
1115481
1123870
1127964
1134397
1140014
1150745
1157194
1164332
1169711
1171552
1172787
1174810
1179222
1183866
1197888
1217376
1220516
1221720
1226149
1228404
1232683
1237363
1239922
1240421
1262800
1262850
1265425
1265626
1271492
1273645
1287035
1290207
1291847
2138117
2635863
2126918
2127821
2132833
2657892
2665344
3175875
1509394
1512015
1514541
1518535
1914869
1918013
1920254
2774561
2781110
3292363
3302624
1700450
1704479
2208292
2212822
1688550
2167029
2167179
2685417
2686636
3220417
661887
671847
686806
695462
704586
704671
708984
3502201
3503278
3504314
3508156
1592810
1595116
1603572
1604240
2058509
2067801
3130588
1643571
2075289
2083277
2584887
3029203
3512027
3512527
3513106
3520124
3523591
3527637
1612996
1618678
1619807
1623219
1627595
1628031
1630680
2093346
2099991
3087263
3091382
2991401
3537904
3543456
3547064
3548336
3548502
3549370
3549572
1748827
1752605
1753107
2185734
2193913
2591605
2592507
2601365
2606318
3573627
3573663
3574508
3578677
3580347
3589905
3590809
1442655
1446810
1453685
1457231
1458431
1859638
1859733
3049627
1732617
1738708
2734336
2739843
3244702
3248046
3264381
1485673
1487454
1491289
1497984
2027257
2028961
2030635
2537766
2539561
2540533
3008181
3094583
3552807
3556156
3557294
3558721
3565916
3565941
3566677
3571455
1025613
1031293
1036418
1040228
1047539
1047546
1050447
1050715
1054593
1059012
1062190
1069208
1071373
1073084
1082810
1086688
1090123
1108414
1145241
1153674
1154408
1155771
1160183
1163934
1165097
1181716
1187364
1195288
1201602
1202429
1205382
1226306
1232815
1236364
1238306
1245592
1251967
1255550
1257222
1266005
1266173
1266782
1267541
1280454
1284130
1289310
2139004
2152742
2648127
3149406
3159168
1655171
1658890
1659390
2120781
2124564
2131988
2652671
2655052
2663867
3176107
1506440
1507542
1509146
1511252
1514955
1518599
1522950
1920965
2775009
2776311
2777783
2781659
2789381
2792196
2792221
3286350
3303557
3304966
1709564
1710321
1716514
2204186
2215007
2696891
2705690
1677869
1689597
1691678
2673806
2686906
3211012
3220393
658975
664455
669739
669978
674151
677089
680599
685588
690693
698785
700328
708918
714436
714736
721311
739302
757786
766871
768975
3497602
3500146
3500653
3501939
3502118
3502300
3504054
3504622
3504847
3505133
3506787
3509070
1634005
1638842
1646741
2086177
2582505
3512446
3512603
3513507
3514350
3516190
3516604
3517933
3518019
3518058
3521538
3521720
3522992
16480
3523899
3526843
3528022
3528079
3528808
3530051
3530319
1596651
2058101
2060048
2069197
2071737
2608209
2616040
2627036
3123121
3129519
3131073
3131148
1745820
1751136
1753340
1754844
1757527
2175696
2188707
2600553
3111839
3577647
3582377
1615521
1616139
1620612
2107069
2107662
2110034
2111002
2556465
2562824
3093855
2991325
3533852
3536653
3537289
3540204
3542930
3546038
3548635
3551893
1459704
1844131
1850683
1856806
1857685
1861965
3047538
3062635
1723967
1735699
2734528
2745210
2747932
2748893
1484997
1493135
1501248
2024416
3009080
3094891
3554051
3554294
3555362
3558095
3560267
3560592
3561764
58789
3566701
3567887
3570720
3572642
3572685
1026884
1030785
1039566
1044496
1044814
1060090
1060151
1075691
1091910
1109201
1110787
1112459
1122998
1132897
1141850
1147512
1151131
1156179
1170208
1170901
1187574
1187731
1197084
1198988
1213503
1239639
1241654
1250146
1256201
1256773
1259963
1260399
1274028
1275164
1282423
1284674
1289254
1289343
2148574
2154247
2628629
3145263
3160096
1662617
1663989
1672270
1672595
2115857
2123263
2132912
3169238
3173693
3176397
1698956
2206073
2691844
2700754
2709903
3186343
3191062
3195617
1509354
1512573
1513048
1520718
2355442
2787140
2788119
3295918
3301134
3304024
3304156
1681876
1686899
1690093
1691454
1691640
655064
660455
661380
680918
683669
692650
705668
707040
711377
723802
729836
2615314
2616316
2619024
2623636
3122053
3139601
3596304
1641363
1649368
1653080
2076170
2086683
2569809
2580739
3513208
3514865
3515363
3519358
3521417
3525259
3525742
3526614
1614806
2097611
2099353
2104516
2107556
2547513
3085804
2982188
2983239
3533230
3533864
3536457
3542556
3542558
3544594
3545028
3546649
3546936
3550246
3551197
1752282
2195432
2588708
3579309
3581364
3583721
1462424
1852090
1855634
1859312
1722887
1729637
1735921
2228422
2233336
2736916
2741696
2749384
3252109
3263624
1495331
1504538
1504555
2017278
2030080
2530499
2540510
2542833
3007456
3008124
3011168
3006220
3094747
3553888
3564284
3570666
1019323
1025290
1025824
1030655
1036539
1041134
1041838
1067757
1070080
1074928
1082931
1087530
1088347
1089466
1104240
1133120
1139838
1142480
1149630
1151906
1154110
1163404
1164621
1171360
1186383
1191980
1195607
1200521
1205920
1208328
1216701
1217969
1229216
1233511
1244292
1245777
1252882
1259700
1262072
1267554
1281911
1292488
2134898
2139178
2142454
2142937
2633547
2636940
2642658
3150814
3156064
1655318
1655701
1660732
1664140
1666314
1673468
2120928
2122115
2123368
2124721
2126474
2662844
2665554
2667690
3161929
1509350
1511439
1522488
1526162
1921599
3286320
3295463
3298588
2693915
2706364
3199114
3200769
3202509
1683545
1685685
1688893
2158932
2686278
3210748
656631
671071
677989
686847
690323
709209
728763
733941
737151
737804
745660
751308
757007
764778
780437
784415
789093
797783
800357
801663
811487
812876
819060
820145
824757
828167
839163
840686
841788
890637
891207
924848
927824
928109
943234
947459
955200
977779
649263
2033498
2034161
2048633
2048969
2514675
2520300
3492257
3492932
3493634
3493734
3494672
3495397
3499618
3503053
3503253
3506070
3507095
3508599
3509137
3511075
1596902
1597465
1601850
1608734
1611746
2052620
2071504
2609435
2627228
3126285
1634608
1634667
1635001
1635767
1638509
2078090
2083202
2086610
2567598
2570674
3514960
3516362
3517132
1740521
1747180
1749420
1756433
2595140
2595874
2604357
2606495
3103298
3105336
3106531
3114130
3576830
3578970
3591202
1619500
1625046
2096104
2097533
2111348
2111814
3092770
2992894
2983427
2987571
3532542
3533501
3533844
3533905
3537756
3537913
3540964
3544531
3547475
3550858
3552562
1452206
1458222
1844509
2491413
3048280
3062145
2233471
2750630
3259026
3261791
3263168
3263170
1485266
1497766
1500472
2010663
2527218
2542921
3007461
3552730
3563728
3567061
3567068
3570605
1658406
2125377
2130934
2132804
3164968
3167567
1020983
1041314
1054182
1066650
1073559
1075106
1079143
1088612
1093058
1102382
1105356
1107698
1109904
1111874
1127109
1131185
1140822
1143019
1164343
1165956
1173467
1192564
1193730
1198269
1200016
1201722
1205298
1208399
1211346
1217630
1224150
1227147
1232404
1238345
1241021
1255491
1262279
1271376
1275747
1278432
1281106
1281931
1285148
1292663
2142164
2150854
2154098
2634816
2635907
2647875
3145071
1705802
2213085
2707105
3183609
3191967
3197513
1517277
2345656
2346692
2780839
3303139
1694563
1696535
2160182
2670646
689509
701184
701943
709206
717194
718062
720702
726577
727377
730987
731689
737448
738811
739054
740224
752613
760737
770529
771506
780568
786046
797748
811620
815628
817291
821037
824543
830236
830268
3509490
3511380
1635021
2088379
2090452
2569414
2573076
2583685
2585658
3026719
3029159
3035190
3512484
3520104
3520421
3521408
3522526
3525602
3528709
3529045
3531586
3531785
1596449
1601393
1605741
2052716
2061086
2067606
2614873
2626020
3137837
1741310
1741313
2177373
2180881
2606549
3105300
3575155
3576156
3578595
3581454
3582775
3589592
1613243
1616487
1616620
1616702
1624690
2097857
2106946
2111075
2554055
3533707
3536365
3541763
3542781
3544571
3545507
3548247
3549402
3550670
3550820
1446037
1451118
1455025
1459424
1849473
1852331
1853871
2488143
3050616
3051819
3058640
3060411
3061565
1721222
1727291
2734266
2749827
3245533
3246519
3263332
1487550
1487635
1492780
1494202
1496791
1501522
1504947
2014408
2022949
2024304
2030656
3007731
3097012
3098315
3554314
3555435
3556067
3559243
3559462
3562120
57648
3568068
3570090
3570140
3570557
3570807
1026304
1035577
1045520
1047763
1048013
1056852
1060914
1072078
1074218
1085414
1086885
1116969
1133377
1134581
1136604
1142806
1146196
1154020
1156927
1157410
1159835
1160168
1162243
1163361
1181395
1187344
1198593
1202283
1213766
1219149
1234839
1239970
1244917
1247075
1249997
1252373
1264356
1281954
1283408
1284043
1288037
1291531
2135308
2153206
2637284
2638570
3146294
1667092
2121689
2128037
2650752
2666482
3164578
1700916
1703991
1716345
2198966
2205131
3191954
3196301
3199073
1516293
1523296
1922991
1924964
2352285
2352654
3290522
1694217
2672462
2686602
2689092
3221001
653047
670127
687022
707260
710036
714265
722753
725512
725643
728169
742556
744595
754006
754509
766206
783386
807036
815341
838519
842931
844203
846694
601113
602700
636441
642191
646739
2043346
3066954
3068558
3083396
3491633
3492435
3492484
3495843
3495947
3500008
3500157
3502129
3502331
3508645
3508698
3509449
1650991
2086632
2090191
3031973
3035164
3512506
3512606
3518322
3520062
3521381
14503
3528954
3529101
3531226
1605463
2065474
2069286
2071409
2616050
2627833
3597825
1741686
1747151
1749057
2185738
2185989
3102199
3103686
3104824
3573493
3573691
3575531
3588431
3589901
3590054
1614153
1618786
1627791
1631233
2111870
2554831
2562519
3085821
3093843
3532377
3539046
3539080
3542088
3546634
3547136
3547536
3547587
3552284
1448484
1456321
1846323
1859627
3057477
1732898
2736965
2743749
2748595
2751622
3246010
3247850
3260097
3260552
2026904
2527808
2995656
3007505
3007756
3553520
3557211
3557296
3558083
3568111
3568964
3569998
3570819
3570902
3572621
1024522
1024658
1031993
1036622
1039528
1042823
1045127
1047233
1059450
1061741
1061792
1065536
1083633
1083684
1086694
1091574
1094914
1097607
1105910
1106565
1107333
1108386
1111830
1118812
1120852
1122107
1126804
1127406
1140942
1141291
1141308
1149230
1176270
1188555
1189842
1192397
1201057
1210751
1223098
1224972
1229182
1231639
1239914
1241333
1259066
1260651
1270781
1272368
1275995
1279303
1284534
1286859
1292390
2136504
2143488
2144139
2635655
2642341
3149246
3149546
1658343
1662455
2118318
2129233
2130803
2659268
2661006
2664365
3168947
1709083
1713510
2702369
2703022
2706079
1512060
1519529
1907474
1918455
2788120
2788507
3304721
1679986
1696279
2158779
2167003
3205983
3210214
658654
666423
677172
688517
691023
692244
694486
701638
737868
760515
3513871
3516525
3517915
3518047
3518315
3521373
3521374
3522410
3522896
3524931
3526890
3526903
3526921
3527690
3527725
3531801
1592421
2060987
2061505
3598132
3601979
1754916
2184327
2191497
2596688
3114125
3114376
3115075
3574153
3576158
1612677
1617658
2096584
2102317
2105157
2110156
2111627
2548606
2566221
2982297
3536214
3545256
3546778
3546841
3548499
3549267
3550321
1443410
1450548
1847754
2487405
3059124
3060291
1721624
1724082
1729630
1734374
2232727
2742773
3260490
3260543
1487951
1492964
2015931
2021947
2022583
3006412
3094170
3554212
3554379
3560432
3561231
3563489
3563821
61576
3565026
3566679
3568938
3571292
1019114
1023093
1032103
1034994
1039238
1043532
1045739
1053428
1055885
1058575
1060779
1088287
1090363
1092281
1096143
1096729
1106975
1108275
1116682
1121029
1122434
1127145
1131407
1140917
1143425
1146198
1147952
1151695
1152667
1163578
1170498
1170516
1174741
1175813
1176714
1182716
1189417
1191253
1197873
1200213
1200696
1222573
1223524
1223810
1232716
1237446
1246088
1246841
1248827
1255479
1257669
1259974
1261028
1263267
1268884
1273481
1276204
1277290
1279479
1279511
1279561
1283641
1286917
1293015
2137463
2148242
2635646
2642583
3151344
3154351
1668093
1669212
2118044
2119747
2130144
2130779
3181459
1508007
1916477
1924079
2352905
2778219
2784586
3298580
3299116
3302188
3304196
1699028
1715843
2199000
2207874
2701779
3182845
1678021
1683837
1691675
2154762
2156598
2168497
2671142
2672378
2673417
2682305
2689294
2689575
3207464
658361
672933
673802
683229
692453
697502
701095
705171
705690
706858
709919
710805
718525
728521
730375
730425
736810
738313
739635
744094
2615232
2627315
3121535
3121569
3125715
3129372
3129657
3132016
3133535
3137645
1645523
1650822
2074818
2079194
2079849
2081419
2088254
2088339
2573933
3512592
3512658
3514528
3514747
3517755
3517906
3521065
3522167
3522884
3523654
17095
3524341
3525628
3526096
3527766
3528300
1623863
1630732
1631083
2094236
2105583
2109746
2552209
2558159
2982672
2985312
3534720
3534986
3536273
3536858
3540402
3541000
3546650
3549426
3549877
3551915
1759622
2587654
2588577
2600690
2606191
3105540
3119212
3574677
3576568
3579823
3585173
3587096
1452614
1859041
1862000
2493164
2497059
3052447
3056459
2230442
2750585
3246228
3249889
3259696
1484634
1485751
1495177
1498972
1505124
2010710
2025365
3096133
3554270
3568025
3570484
3571018
1024106
1026312
1030039
1036053
1044679
1051095
1054756
1061676
1061991
1075280
1080007
1085004
1092490
1101735
1111076
1117377
1127239
1129443
1146538
1156249
1158991
1162703
1165677
1191379
1194587
1195023
1195657
1213575
1216449
1222833
1231189
1233161
1234195
1239443
1243472
1246078
1246899
1256693
1258163
1258178
1273088
1283731
1283784
1284418
1286156
1291155
2146078
2647686
3149011
1659278
1668119
1668872
1671127
2116666
2124803
2128847
2666470
1715066
2197035
2199141
2205893
3189523
1516001
1523206
1914929
2341348
2342450
2344690
2350257
2355903
3291535
3292971
1693457
2681431
2686679
652988
656613
666590
674480
675016
679845
683336
687197
698161
711633
715190
725839
728745
733523
736016
742932
759578
764762
765881
768436
769038
769606
785382
786103
787705
788041
788224
792904
793187
797218
804872
838411
846101
853538
873558
897188
900766
1397388
1399430
1399753
1400021
1400489
1402804
1405303
1406882
1407116
1408581
1869450
1875225
1878769
2372487
2372962
2433060
2434491
2885034
2885066
2892915
3368792
3379556
1347320
1356403
1361694
1364189
1366106
1828206
1831946
1834054
3349974
3358321
3361329
22281
23783
32641
42544
67946
95649
96558
101038
109460
121821
130152
130386
130820
136659
138876
149702
1816529
3326274
3329609
3337901
3341009
1528016
1532994
1536495
1989882
1997368
2463178
2900433
2901873
2902548
2906160
2913973
3405185
3405928
1968481
2382020
2400897
2401265
2919687
2923772
2925103
2935629
3443825
1420086
1422190
1424791
1425500
1425593
1426034
1430639
1430916
1798613
2285122
2823064
3416456
3420357
3424471
3425780
1374228
1374553
1378429
1385649
1387219
1392603
2951416
2954785
3454896
3459342
3465524
3468657
1475370
1480952
1483292
1939644
2964779
3013518
3017891
3486750
3487109
3487586
3489149
3490594
164501
164814
174340
178241
182962
191752
203609
217622
231862
263282
273837
277554
296642
304328
310905
318191
327358
329557
384673
391189
415091
416670
421841
426519
427757
437560
441429
443376
443842
452302
499353
504835
526970
534158
540708
560587
561423
563038
564108
565980
570122
575631
577576
581890
581981
593654
593913
611668
621925
632662
632821
651210
2031953
2508702
3075322
3491255
3491385
3493636
3493993
3494263
3494495
3494627
3494738
3497201
3497569
3500220
3504255
3504630
3504723
3505000
3509176
3511284
1636639
1652281
1652990
1653692
2080251
2566987
2573907
3033974
3035371
3511975
3514719
3518304
3521535
3523741
3526892
3527896
3529323
1399167
1866164
1872295
1872748
1875186
1879098
2378064
2794859
2795876
2813275
3308282
3316351
3318342
3318474
3320997
1969982
1981661
2424143
2881895
2887930
2892774
3370218
3384639
1340622
1349295
1362163
1832068
1836965
1838001
1841728
2331972
2338775
2871784
2603
6749
12733
24399
42666
85482
2970841
89809
102913
102932
126628
130406
130438
131874
143457
143559
144946
1813884
2840264
3331142
3331927
3333901
3335186
3336743
3342774
1529840
1533150
1989868
1989902
1995284
1996067
1997388
2000783
2447086
2453289
2455727
2459488
2903372
2909237
2911377
3399530
3400753
3405063
1951313
1959535
1965349
2390598
2396648
2922222
3433775
3435564
3437483
3443550
1425222
1426105
1426239
1426256
1426960
1432540
1783404
2826028
3422177
1379209
1380196
1380664
1382989
1383038
1386180
1387650
1391877
1393634
1394200
1887722
1889175
1897112
1898250
1906138
2407295
2411892
2420229
2940506
2942897
2944116
2947643
2954712
2954929
3450053
3451472
3452157
3453229
3456890
3457622
3460900
1468891
1477849
1478432
1482676
1927998
1943642
1947169
2465706
2469299
3024053
3481671
3487204
3488242
3489310
3489897
3490816
3490882
156176
162660
168578
181712
184405
186377
194714
197658
198758
204459
209356
211194
212279
223711
229946
239053
256452
270807
275136
277074
278329
287768
293284
300638
304416
321196
325338
354367
371230
392475
393441
400678
421906
423891
431081
440539
443179
450065
451216
460161
461363
474163
483421
493032
498965
509593
511884
516896
534210
535582
541881
544508
558961
559246
564879
565600
578281
579921
590600
592338
594761
595916
599890
606125
613430
3491859
3492310
3495203
3495285
3495503
3497476
3498862
3501669
3502169
3505428
3506099
3506332
3508536
3510411
3511311
1606795
2063947
2613770
2623444
3127495
1635053
1635154
1637979
1646500
1646603
1647972
1651047
2087880
2092823
2092891
2570750
3513483
3514355
3515927
3517578
3518314
3521139
15400
3524647
3528928
3529046
3530750
3531717
1623789
1627065
2100297
2108436
2110858
2558385
3085580
3535915
3536648
3537033
3537134
3538470
3538705
3539691
3540091
3541796
3542014
3543550
3544986
3545022
3546090
3549465
3550869
2187302
2596036
3119239
3574619
3574720
3575606
1446419
1461010
1846234
1854053
1854840
1856311
1856326
1729196
1732989
2220540
2738578
3246184
1485141
1489854
1490240
1500468
1501640
2540551
3097329
3554245
3561952
3568100
3568903
3569557
3571762
1019066
1033905
1049399
1057656
1059209
1060413
1062417
1065712
1069856
1079765
1081856
1084378
1086785
1090012
1102443
1106052
1108760
1113726
1120259
1128816
1129416
1137004
1141116
1142270
1143238
1145731
1146749
1147854
1149190
1152162
1167674
1169095
1201433
1205027
1224529
1233385
1259925
1269035
1272225
1275383
1276052
1276252
1276538
1284794
1285012
1285897
1291009
1291764
2139969
2143982
2151016
2636647
3160451
1657063
1665820
1667291
1672558
2129474
2130395
2662687
2665860
3164428
1516430
1914568
1918380
1919633
3291525
1712384
2201006
2205750
2692754
2694225
2708780
2709198
3192122
3192204
3199223
1694300
1696454
2168731
3204439
3204972
660917
679584
691869
694410
698153
700625
704405
710936
718373
736222
738244
741420
744813
750347
750929
755192
760207
765637
768013
769781
770753
393279
404377
405052
410927
415341
419258
422493
429854
440009
448306
449067
458891
481855
484336
490654
491917
493657
494657
498135
502322
510503
515681
521833
526209
531023
549409
554028
557161
562041
562777
566762
577962
589124
590355
593970
601290
608469
611777
613017
616927
617059
617702
622448
623352
627657
632601
635709
636890
640366
646307
651528
652023
2040395
2043467
2048024
2049928
3066178
3493509
3493541
3494613
3496326
3499566
3501874
3503671
1639202
1639438
1644284
2080076
2567505
2572851
2581409
3513665
3513874
3515069
3515569
3516282
3517348
3518179
3521394
3521989
3522328
3522389
3523523
18192
1595180
1606782
1611787
2057080
2059118
2059279
2059613
2065974
2608292
2609730
2615369
3137544
3597236
1747557
1757192
1758387
2178975
2183253
2600461
2606254
3574031
3575833
1613934
1615202
1617971
1622581
1633343
2107120
2109515
2111764
2553508
3090905
2983677
2984917
2985326
2986251
3533251
3537002
3538708
3539846
3546823
3548602
3551544
1451856
1454055
1848642
1861412
2490638
3049302
3051638
1727680
2223904
2233632
2745802
2751541
3257204
2016236
2022520
2027191
2529842
2543282
2995588
3008849
3006141
3095826
3097291
3555520
3563033
3564737
3570496
1020767
1034614
1036720
1038717
1048975
1050981
1057440
1067736
1069142
1070437
1076362
1083980
1088921
1092397
1112149
1115870
1131469
1134120
1142072
1146352
1148683
1157450
1168135
1174155
1176634
1179769
1181673
1181807
1190906
1192912
1203440
1205207
1231752
1240801
1248664
1254507
1255116
1257983
1258092
1263931
1273123
1278280
1281588
1284555
2137702
2137836
2139799
2143984
2150829
3154056
1655671
534571
537044
540587
558903
559440
564069
575684
581518
586161
591963
595639
596640
601855
605681
620422
624084
639841
646998
2049742
2514364
3491008
3491189
3491239
3493448
3493465
3494648
3495252
3503758
3508302
3508438
3509255
3511245
2069225
2071534
2617615
3131874
3132741
3136786
1643476
2077832
2585124
3033220
3037432
3040154
3513486
3515089
3517948
3517997
3518147
3519770
18006
3525617
3526503
3529061
3531819
1624609
2103954
2549960
3088453
2991222
2982262
2985388
3536346
3540661
3541930
3544988
3545037
3545974
3547663
3549868
3550217
1757020
2182237
2185931
2191343
2194352
2593315
2603222
3576608
1458486
1847535
1853220
2484162
2500292
1723896
2744110
2747786
3245736
3260643
1493032
1493818
1499380
2023066
2527164
2532966
3000596
2995383
3007397
2990854
3004775
3553961
3555919
3560481
56077
3564725
3565108
3565662
3570824
1019081
1030814
1034390
1035075
1042849
1045003
1046322
1048061
1062901
1064906
1071558
1076474
1084044
1089009
1104299
1116400
1124505
1138260
1143407
1148305
1149623
1151009
1151631
1154418
1154954
1166036
1174256
1176146
1182279
1184170
1187024
1189367
1203840
1206897
1208319
1211024
1214753
1220215
1224563
1227053
1246838
1249245
1252153
1255647
1259092
1264035
1264304
1270237
1271205
1273796
1280215
1282770
1283859
1287032
1291444
2134838
2145569
2149696
2152472
2628993
2631115
3157091
1658601
2113564
2119380
2133087
3166634
1508039
1515427
1518550
1911779
1915306
1924247
2783332
2784639
2789837
1702590
1704780
1712282
1681834
1693348
2158988
2671160
2675640
2682255
2686553
3211340
3217724
654368
655218
662674
662905
673487
680136
681725
688324
701009
703350
715300
716135
721666
1397030
1399870
1402589
1407526
1412981
1413717
1418722
1867979
1875360
2361849
2369305
2372856
2793615
2794830
2803325
3322231
3325400
1549564
1559860
1560971
1563736
1563990
1972063
1984935
1984999
1989765
2878590
2880462
2881559
2887539
2888729
2898253
3367655
1342757
1344329
1347051
1349266
1354139
1358290
1362070
1362670
1364206
1364560
1365435
1836870
2863014
3357602
3358388
3366394
2
34580
43061
87960
98495
102164
103668
119419
127118
133191
134531
137446
137514
138514
142594
142876
150307
1813395
2305293
2837839
3326586
3332545
3336303
3341251
1527329
1529701
1532927
1533770
1535953
2000207
2003876
2446892
2899321
2907009
2914097
3393913
3395024
3405695
3407406
1577022
1589626
1948274
2386760
3437415
3437422
1419851
1421666
1427289
1783965
1790349
1791903
3415387
1369804
1374102
1374634
1380275
1380368
1380904
1384062
1385055
1886974
1894869
1895205
1898863
2411778
2947421
2958085
3451326
3454820
3455913
3461597
3464430
1464575
1469444
1477525
1942351
1946245
1947556
2467112
2472303
2960968
3473561
3480031
3480074
3481703
3484818
3486640
3486758
3489305
3489641
167119
190933
192337
194988
199818
202147
208924
219045
229205
245742
247875
259003
265305
267827
269006
281324
286561
287015
314062
318742
328602
337651
339541
342692
350394
351709
367499
373390
381739
388966
401627
405889
408522
421633
424959
425502
446733
461691
462695
464092
465753
473541
482265
485248
492468
516268
516418
537803
541954
543326
553718
556762
563882
566122
572781
577918
579565
593823
594884
611003
615783
617680
642523
645738
647235
649314
2031977
2039508
2051115
1394735
1395154
1397694
1400187
1400502
1400753
1408592
1408943
1409109
1866278
1878110
2805737
1561442
1971968
1976631
1984853
2884802
2888982
2893409
3371370
3372040
3383087
23464
39808
51808
69439
79982
83126
2978511
88257
89578
100372
102695
106656
110383
115329
119543
123821
126878
131324
133732
136423
148389
1802721
1805180
2308292
2836338
2850978
3327233
3335123
1345537
1346388
1358118
1359407
1362466
1366125
1824098
1828457
1829042
1830329
1830446
2861391
2869062
3351401
3355392
3358868
3361625
1528035
1995902
1998376
2003973
2007334
2900329
2905326
2910442
3398176
1588701
1949440
1954937
2923476
2925784
2934706
2934791
2936829
3447580
1423949
1425872
1426976
1428695
2297762
2818288
2824772
3410329
3413052
3419270
1371088
1373077
1373494
1378274
1379763
1380046
1380197
1383307
1384845
2404737
2944951
2945519
2957153
3450135
3458844
3461837
3463741
1464144
1470445
1481807
1928650
1931843
1941316
1944794
2472757
2962284
2963635
3023384
3472546
3483410
3486520
3487573
3488841
3489628
3490830
164631
167322
182279
182800
190437
204794
210223
215173
226971
227486
236712
242013
243179
248731
257972
261697
272980
320829
331138
331925
340866
341566
346865
361290
363743
365164
382514
392255
408769
413900
422958
433269
442895
447473
447675
465793
474817
476840
481369
498783
503110
515529
517031
517548
531122
540848
548468
554869
557292
557611
558828
559347
565331
566701
571798
574089
575393
582730
588125
594428
600210
620664
621083
631664
633834
642324
647957
2037263
3069893
3070295
2975269
3493589
3495963
668987
669753
669953
673465
674867
679356
683961
692424
693228
694564
695925
699601
708168
708795
719191
723508
726184
734974
735912
744693
749107
758095
766162
770138
772335
784042
786239
790083
792791
795104
795406
796837
805436
808708
811177
820767
832033
842025
846771
849790
851160
852498
854293
877457
887792
889364
896818
949821
956941
991437
993816
995011
1002708
1012595
1016941
1016948
2243535
2725430
2728931
1309539
1313996
1315430
1316102
1321909
1329302
1329929
1330906
1332271
1332280
1333914
1336881
1337251
1759984
1774549
1777391
2267976
2277736
2767980
3274302
3276204
980417
983391
984999
985550
985933
994174
1004768
1006472
1010033
1013845
2248963
2713033
2719836
2727522
3223599
3239741
1298723
1307615
1309153
1312127
1314618
1318396
1319549
1334289
1335442
1335874
1338986
1768443
2262333
2268566
2275669
2755264
2760529
2761499
2765794
3278917
3284782
812801
814506
818431
824884
830114
833275
839724
843835
844971
850355
857289
858494
858894
864459
877760
879067
891300
892971
906658
910834
911687
918540
921665
924056
925928
926245
928018
946384
946434
949477
957783
966772
972306
980611
982851
993262
1016526
1016793
1018547
2712673
2715281
2718739
2721966
2723401
3224727
3236628
3239199
1302024
1307103
1313505
1317064
1318936
1326306
1326324
1337488
1338141
1760480
1763374
1771997
1774369
2261688
2754371
2755976
3264822
3269551
3284606
730054
730154
732601
740700
742729
747166
750649
757787
760513
763203
768172
770198
772845
793837
801389
803636
808177
808702
814643
816054
827604
835249
835485
847024
853894
857234
860278
886007
887007
889697
891076
892255
895006
905777
909428
909621
913086
913315
913497
914451
915344
922507
925204
932917
932985
933392
934328
954745
959271
962540
963901
964787
972157
972407
997997
1003009
1011926
1016270
2239833
2256159
2710746
2720685
3228909
3230431
3232278
3243349
1301393
1306216
1313007
1316826
1318709
1322349
1323721
1323728
1326554
1330398
1331102
1336207
1339122
1779798
2756842
2759221
3265627
852142
858026
860312
862569
870507
886034
888191
894376
906890
914678
920898
924124
941672
957480
957983
964382
967207
969715
971919
985792
985860
988046
995570
996288
996569
1002121
1006015
1010977
1012481
1013149
1015907
2717154
3228854
3237764
1300120
1305335
1307489
1308258
1309129
1314624
1316028
1329432
1331621
1337674
1769907
1780517
1780953
2762727
2763831
3275817
3279711
1711476
1714777
2198969
2206668
2211948
2708794
3192093
3200638
1685429
2162126
2170525
3205268
663904
679984
685682
692534
708978
731806
739755
746814
753266
774665
781085
802409
814659
817567
818564
820843
835926
838059
840131
842753
845879
850048
868464
869143
869300
871590
887377
890367
890760
907997
915671
916564
918386
927685
929332
937913
955086
957551
980454
988810
989875
993108
994837
1002525
1005097
1007105
1007637
1014818
1017701
2712195
2724720
2727828
1298776
1306075
1313359
1318857
1331868
1333615
1760587
1764177
1768096
1778349
1780639
2767236
3265643
3273892
838451
843874
844810
855908
867840
870812
874756
877030
877232
879572
879638
886056
895675
899987
901496
904606
911315
912930
916674
919139
920250
927102
928799
929208
933309
935122
941765
948558
951134
954142
957352
965072
965229
966942
968507
971249
972792
979335
985551
999332
1002172
1002765
1003978
1006545
2254263
2254338
2713791
2715793
2718178
3232554
1307303
1309809
1315891
1317874
1318642
1321573
1325960
1326389
1337494
1761345
1772286
1776396
2755369
2762523
2764468
2767946
3270715
3277533
3304649
1701925
1705787
1715822
1716490
2693734
2704473
3193806
3199304
1680397
1688721
1689200
1695898
1696441
2160331
2160931
2168226
3210114
3215498
658054
658533
691671
692300
697562
707740
710016
710466
712913
718815
738374
747134
752171
756833
761113
781962
793058
798856
811067
821495
822299
824621
830769
831012
831630
839643
846045
859431
868952
879655
884249
889858
891044
891705
892491
893677
894470
900386
924311
925422
935300
941716
951283
967077
968238
970160
977466
979770
982710
999501
1007639
1008882
1015009
1017742
1018846
2718670
2719520
2723968
1306023
1311021
1314311
1319552
1324146
1327540
1332327
1766219
1766451
1767087
1774221
1780098
2762933
2769828
3267599
3276916
3277466
805984
806679
813567
813765
826910
829039
837363
863476
877918
878920
883432
891756
905058
908802
914584
917953
921091
922699
925371
926541
926609
940313
943055
944791
952781
953858
956055
964254
980591
992021
1010571
1018127
2730294
3231057
1295228
1303241
1303741
1308389
1310459
1315405
1328052
1331085
1335861
1337778
1780149
1780683
3275318
3277585
818279
831522
831949
844692
860493
868556
876044
876803
884166
889682
891377
910738
914852
919021
920032
920691
930185
932025
933861
951416
952654
953322
956087
960335
965390
966394
967528
971631
979594
992162
1000209
1001922
1012007
1013511
1013881
2718128
2723933
2725405
3234065
1304845
1306492
1308596
1317386
1320153
1322291
1328711
1337742
1762835
2264073
2265743
2754526
2769393
3266464
3266496
3275388
3282504
715450
718743
729972
741754
743393
749813
754725
761360
768729
785491
791744
792411
816726
835228
837903
852444
855501
860113
869055
869320
873032
879934
886954
891266
892452
901544
907010
910553
912958
921182
922736
922968
939948
940752
940766
942556
945763
946718
949843
959153
961911
967242
969060
973021
974276
985389
992541
1004292
1006045
1010107
1012466
1014070
1017814
2246763
2717169
3239316
3241488
1302475
1305133
1312839
1319523
1327762
1331038
1337622
1337639
1768370
2258028
2261085
2753738
2764634
3266473
3279292
1707678
1716302
2196216
2207061
2696907
3185145
3198581
1525995
1918088
1926393
2356339
2780718
3288242
3295462
1676745
1679919
2155306
2678872
3205784
679143
687131
689890
706819
708406
709023
709912
719336
724084
736401
738754
744253
745274
751190
767600
773652
790364
793655
799890
805957
822567
836509
839615
842089
862562
866321
869312
870650
876217
878623
880212
881933
885826
888281
897222
917327
926723
929497
932020
939591
939974
944169
944937
954580
966880
967933
978063
983594
983677
987587
1003197
1010702
1013257
1015097
1018822
2710675
2727957
3238489
1295914
1312528
1321822
1324426
1328070
1328621
1334356
1778540
2753576
2761451
2765961
3266348
762438
788508
796915
799104
802112
814248
814365
824055
828886
830977
843792
851450
851899
855292
857998
858485
859355
865803
866322
877722
882566
882883
891424
892358
898295
903960
914069
917094
923697
924063
928360
929213
938554
939307
954215
955885
956987
957455
957838
969857
980083
988709
995359
1001343
1006038
1006506
1008831
1018842
2730966
3240513
1314569
1320532
1322206
1328941
1329677
1330177
1774059
3264713
3274003
747924
749359
764000
766222
766957
791558
796270
798846
817615
819769
819988
825904
826236
834259
843451
851790
856888
865044
866298
867533
885668
907628
915565
926998
936372
938480
938493
938947
944710
946250
948925
949443
949493
954756
956827
959804
961758
965801
967306
977602
978419
981696
982517
985725
986944
990137
992074
994949
1001048
1001283
1002973
2714429
2718773
1315530
1317401
1321377
1326725
1336185
1339494
2757564
2757932
2771804
3276001
1591813
1594087
1594721
1602218
2069230
3131735
3138053
3597252
1751460
1757442
1758405
2187086
2189328
3111477
3573345
3577723
3580172
3586281
1616624
1617760
1625080
1626954
2110133
2991258
2987707
3532535
3532808
3546314
3547716
3548709
3550290
3551751
1850789
1855203
1858652
1863702
3050011
3050145
3061718
2740063
1485857
1486634
1489833
2018485
2025378
2538552
2994191
3011480
3555370
3555838
3555929
3556197
3560618
3565800
3567059
3567168
3567261
3568363
3570037
3570746
1029048
1038299
1058428
1067643
1068054
1081147
1085695
1092590
1094292
1095789
1097736
1112876
1117615
1118151
1119092
1124808
1134761
1138205
1140411
1144389
1158161
1159272
1161503
1162180
1181366
1181893
1188250
1190145
1194661
1198312
1203685
1207361
1212039
1218164
1224643
1225552
1225979
1233499
1238445
1243302
1256402
1259739
1266291
1273884
1274109
1287890
2136707
2142266
2152762
2639119
3143910
3156142
1659108
1660410
1672308
2116083
2123403
2128987
2129353
2130591
2133133
2654500
2659146
2664932
3163021
3178129
1698082
1706270
1717602
2207133
2691906
2694878
3189334
3200023
1508260
1508560
1508594
1512999
1916444
2357347
2776529
3286468
3298959
3302269
1681125
1683163
1686743
1692998
1693693
2158569
2682135
3214036
660295
662165
671232
682732
687437
691522
694357
700080
714579
749750
755732
755898
756132
756400
765894
794572
795308
798405
799241
801751
803621
803996
808199
812579
813656
816423
827560
834048
834816
835984
850181
850281
874456
874690
897479
901232
910756
922883
923983
940395
947783
948853
956584
959951
969911
974296
998262
999357
999668
1001138
1007388
2243669
2713998
1398184
1399745
1401960
1409223
1417304
1418615
1877307
1881658
2368962
2795998
2804397
3310967
3318305
3320227
3324821
1980605
1984917
2438311
2884181
2897235
3367898
3371624
3375768
2649
13874
34169
68822
74531
2978841
3001476
88746
90218
93733
103025
107262
120609
131487
135549
137971
140536
145227
145684
2307083
2308537
2315457
2845995
2850496
2850864
3329612
3342773
1345097
1345808
1348880
1351931
1355482
1359862
1361191
1362002
1362477
1367382
1367482
1832965
2332705
2860760
2862296
2863807
3352172
3358438
3360228
3361307
1528976
1530230
1534249
1540472
1996960
1998939
2005423
2458006
2458599
2898946
2901154
2909835
2911396
2913050
2916069
2918198
3388908
3392648
3396442
3396610
3399361
3402251
1573714
1955780
2927215
2928437
2932070
3434850
3436861
3441920
3448429
1420144
1420294
1420380
1420462
1422166
1425803
1426228
1430858
1431926
1782647
1790324
1791646
1794504
1800470
2281197
3413129
3416984
3429184
1369447
1370944
1371594
1374384
1377317
1377428
1377985
1378103
1379214
1383744
1387431
2404726
2415579
2418187
2956456
2958124
3456156
3457778
3466009
1470455
1476814
1478697
1934445
1944387
1944855
2464454
2962547
3475801
3475894
3476230
3479988
3479999
3481353
3481971
3486433
3486940
3487051
3487208
3487576
3487583
3487712
3487719
3487744
3487862
3488337
3489541
163293
164279
189897
190944
203469
209560
213236
220642
224711
235864
250565
270821
289748
290191
292120
296864
303059
307303
307596
318124
321743
331571
336969
345582
346050
356996
359754
360047
366599
375523
377495
379217
400566
404571
410776
415417
426438
434719
453978
469615
477278
478196
480193
1659658
2114697
2116735
2129139
3173776
1505929
1509414
1513449
1922882
2776377
3302060
1714135
1717416
2211604
2212063
2691779
2694385
1681575
2159060
2170460
2175263
2683959
3223312
3223369
657705
678972
680376
682412
690870
698222
698926
703002
710256
710324
721520
730648
732343
736496
741576
759417
771083
772060
772953
775361
781911
782645
787025
787729
788695
789029
811325
817043
828407
836738
845085
853641
860729
867488
878650
882062
889071
901914
922004
933895
937239
939075
940645
948737
955396
968398
973269
985705
986146
986337
988052
995774
996733
1002192
1007638
1015462
2239780
2718258
2718626
2720164
2721738
3229387
3229728
1313612
1319285
1326235
1326871
1330858
1332096
1332285
1333332
1334193
1337769
1765707
1765943
1771164
1779856
2264516
2755319
2764311
2767428
3282031
487077
497916
498141
499570
499956
500881
501092
505404
517661
528118
537724
538028
539271
547652
550178
552189
556144
573113
584438
586267
591272
597431
601793
615640
617812
619448
619777
621163
624889
632695
642812
647049
648496
2034478
2045749
2049093
2050072
2051197
2525154
3071722
3490959
3491981
3492045
3495632
3496107
3503770
3509368
3510147
1597921
2051690
2055052
2056438
2062965
2071389
2608082
2627152
1634189
1634957
1648229
2078080
2083085
2567606
2582653
3026662
3028416
3513605
3513741
3514927
3516488
3521404
3523690
3523694
15060
17243
17507
3524094
3525248
3525641
3526098
3528206
3531707
2097350
2104595
2548518
3086076
3093496
3536201
3536244
3536312
3536819
3543446
3545236
3546822
3548826
1744150
1746958
1754978
2181496
2606639
3109129
3575159
3577842
3579596
3580257
3586080
3587984
3589974
3592146
1448981
1451539
1458205
1459527
1461306
2503294
3061733
1720132
2225073
2731386
3250592
1484513
1486560
1491204
1492744
1494287
1501975
2018841
2028962
3555353
3556875
3557018
3558104
3558411
3564277
3564713
3565831
3570586
1023824
1030719
1033366
1034327
1039961
1045309
1045945
1049746
1057441
1060660
1063343
1069459
1070434
1085517
1086914
1096724
1105316
1106802
1108338
1111700
1111800
1118795
1128476
1130859
1153105
1157892
1168874
1176737
1186318
1186722
1187697
1190766
1193188
1195042
1196132
1215702
1220975
1232957
1238798
1242885
1251091
1261308
1262930
1267224
1268371
1273651
1274794
1275730
1281028
1290406
1293457
2142892
2644189
3156018
1663744
2113794
2123122
2131292
2131885
2650709
3162127
1924217
2783212
2791293
2792429
910094
912115
917295
926504
928325
934811
935679
942614
982892
983024
983026
983360
988725
1011487
1015263
1018037
2240419
2247173
2714621
2720554
3242135
1304772
1311611
1314383
1315936
1323409
1327453
1330512
1332567
1333418
1336228
1337645
1773709
1778721
2274298
2763319
2771241
3275791
3283545
629004
630342
634003
636877
640904
643478
647337
650513
2032116
2038834
2047426
2048794
2974819
3076697
3077599
3081192
3491365
3492035
3492552
3493222
3494573
3494660
3497668
3501846
3503799
3504537
3505605
3505922
3510202
3511102
1593716
1594650
1599983
1603691
1604931
2059811
2067782
2067916
3136559
1641127
1648266
2568939
2580352
2585083
3031758
3512023
3512457
3513846
3514212
3516267
3517703
3517954
3518190
3520094
3520111
3521349
3522836
3523304
3524355
1616359
1617280
1619435
1630684
2108124
3086538
2983458
3534536
3534968
3535670
3535989
3536925
3539048
3544894
3546149
3546283
3547604
3550629
1748423
1755860
2189967
2604386
3103805
3115318
3577837
3580026
3584955
3587731
1458712
1846859
3051342
3053818
3058715
1724308
2733974
2736114
3247129
3257910
3261488
1496414
1501496
2016238
2536564
2538370
2544871
2994539
3555490
3563799
3564986
3565033
3567158
3571066
1025356
1031991
1032459
1041534
1045580
1046935
1047969
1050058
1050779
1058967
1060456
1062609
1072552
1083652
1093246
1095567
1107950
1133520
1135843
1138219
1145552
1152023
1153912
1170256
1172630
1177976
1179297
1179446
1183526
1184462
1185998
1218084
1219575
1224021
1224204
1228665
1236836
1236889
1238827
1244858
1245928
1249287
1253399
1260387
1260400
1264546
1270996
1271798
1279503
1285085
1287578
2137906
2154420
3142192
1655786
1656922
1657875
1662438
1667165
1669673
2122981
2129333
2129733
2133528
2661457
2667139
3175801
1512994
1515219
1516736
1914579
1921280
1925122
2775690
2788722
3302215
1698738
2207815
3183574
3190373
1680569
1689697
1691835
1692554
2162123
2673657
2686193
2687729
2688197
3209610
3215645
662783
771822
774411
785390
788198
790555
795404
798161
801520
808554
810862
816078
824097
825788
834225
834879
836616
845339
849433
850788
853781
853845
859276
859362
866599
867550
873351
882008
887423
896548
902931
908529
911556
913027
914009
915114
931862
941604
943475
950396
955108
958333
962292
970198
994416
1010892
1013249
2237923
2716335
3243226
1296157
1297294
1301491
1307522
1307690
1307708
1310983
1313274
1317599
1319972
1775506
1777546
2753536
2767157
2771602
3266125
3269751
728771
731225
734719
736927
748242
759455
766676
774963
778589
779961
809224
814921
817847
823899
824431
831384
831416
831452
834492
840411
852458
863957
883559
886118
894138
935553
937594
947886
961008
961943
968110
969145
974694
974943
977834
978237
979659
990352
990905
993263
1000265
1004192
2710753
2712525
2722250
3237998
1300185
1305016
1313539
1329147
1339579
1760246
1781005
2261003
2265815
2267369
2758818
2765366
2765451
3265070
3278574
3282017
2516116
2521571
3493335
3493535
3496050
3497429
3497604
3497722
3497972
3500301
3502184
3504224
3507407
3509486
3511290
1592909
1594788
1595674
1599754
1642284
1652473
2074997
2076376
2080202
2083871
2569460
3512501
3512587
3514877
3515027
3517978
3518253
3523501
20208
3526834
3529249
3086226
2991109
2991391
2988308
3532825
3534754
3536862
3539645
3540088
3541156
3546890
3551784
1745325
1747365
1751584
2176641
2606603
3576727
3586498
3586598
1443958
1845776
1856247
2488479
3058775
3066088
2224516
2738474
3246141
3253561
1484288
1485756
1497742
2013404
2532467
2536304
2995178
2995839
3097490
3554192
3557243
3558497
3558647
3559190
3562634
3563591
3564731
3570054
3571547
1019637
1023206
1028890
1036585
1039750
1044187
1046445
1048599
1049596
1063743
1068955
1072199
1074046
1082595
1092380
1095095
1095113
1097742
1104787
1132749
1138679
1142373
1143145
1151608
1156052
1164426
1167945
1173361
1183121
1187926
1199683
1203702
1214094
1216195
1221257
1234350
1246343
1255535
1263005
1266674
1271086
1276616
1276709
1282150
1293821
3145397
3147251
3158047
3158844
1658307
1660211
1663862
1668667
1672100
2117624
2656700
2666335
3162141
3175152
3178171
1506798
1518280
2784441
3302636
1699333
1707450
2196679
2695972
3187220
3187470
3192418
1690427
1691781
2158850
3211945
3215382
655884
667923
682399
683735
685889
687643
687954
730845
731531
733621
742563
754545
756074
759843
772075
772729
784293
785279
805160
810372
824012
824301
824444
831839
834365
834758
847751
860108
864102
876102
882093
886648
898648
900277
903028
905300
909237
909312
909469
910623
914835
918368
3496261
3504585
3506106
3507125
1605362
2058640
2063418
2608729
3125596
3594648
3598207
3608218
1638037
1646746
1648899
1649452
1653428
2076605
2089977
2090826
2091798
2092900
2580870
3039830
3040181
3513628
3518589
3519963
3520063
3520110
3520429
3521450
3522367
3523120
3523790
17380
3523907
3525543
3525694
3526243
3527883
3527951
1743093
1756410
2180506
2181023
2591768
3103638
3105393
3118195
3574343
1620572
2109210
2557840
3538681
3542825
3542942
3544246
3546601
3546769
3547118
1448200
1460636
1848847
2487965
1736839
2731482
2745524
3246196
1492171
2010376
2012110
2019364
2027288
2028773
2535797
3010280
3095095
3555293
3556276
3557061
3557446
3560822
3561741
3562577
3563013
3564100
54782
3564983
3565053
3569027
3571735
1654600
1656823
1657525
2113424
2113775
2121144
2126424
2659520
3162147
3165055
3166410
3175583
3177321
1021196
1025493
1036706
1037657
1038693
1056626
1059051
1059853
1060253
1068877
1095417
1098727
1099978
1115220
1115337
1116107
1119447
1130845
1145168
1154396
1154494
1156519
1160546
1160629
1193134
1202458
1219240
1223735
1232276
1233146
1235884
1242736
1254468
1256991
1266487
1276345
2641989
3148928
3152353
3156799
3160343
2211075
3182671
3186796
3199083
1512793
1514231
1516520
1909830
1915663
2346979
2357390
2792284
3289263
3295962
3300027
3303435
1678934
1685014
1690011
1694257
2156623
2162707
2167036
2671735
2674796
2678806
3211398
3212936
661646
666575
667177
678409
684174
685878
689720
694887
695638
697074
708357
709176
710727
719621
720070
735648
750873
751439
757340
763239
763758
768389
780904
782240
788660
813643
820363
826281
834952
842006
1400597
1401987
1404827
1416159
1418563
1872582
2373951
2799240
2808993
3308568
3313398
3316149
1974762
1983043
1985058
1987673
2879778
2889227
3373698
3379571
3380182
3382822
3386759
1345742
1346842
1350186
1356452
1356627
1356956
1361275
1361332
1365244
1365655
1842027
2332671
3348444
3349823
3352817
3353517
3356307
3362945
7506
10121
28473
31495
2996916
102934
136951
145929
148912
148937
1811532
2839402
3330353
3333722
3340981
1533554
1536537
1537959
1992639
1993314
1998905
1999934
3389992
3392175
3396276
3403396
1573598
1574752
1588781
1589106
1956003
2388287
2399562
2400991
2924841
2935623
3433455
3445562
1419960
1420285
1420571
1423229
1425108
1436172
1785146
2285482
2826323
3414503
3414635
3418104
3424470
3425488
1370013
1370449
1373057
1373750
1374375
1379416
1380327
1382749
1386425
1386843
1393870
1899601
1902205
2948473
2952035
2953389
3450117
3453050
3456047
3459441
3459648
3468333
3469519
1466874
1469135
1479231
3012785
3472995
3476035
3479840
3486674
3487385
3487703
3489589
163134
163920
172576
175048
197937
206107
210773
220847
236116
239267
239574
244504
269065
272455
275617
276835
281883
313278
319987
337671
349903
352886
354726
355926
365054
377879
385217
386142
422467
430823
438822
439315
441412
446524
456152
459821
460078
461475
465719
498711
502055
507610
509139
516034
521521
524872
537483
538526
552091
566738
573272
578856
583775
586544
587305
593803
598776
599237
610465
611587
625759
631843
2034126
2040721
2040985
2043786
2046283
2048773
2049452
2050738
3493733
3495205
3503318
3503722
3504447
3504683
850962
853904
854323
857031
863581
864883
868429
871552
878674
880895
882601
887279
890038
892712
904442
904659
904980
912815
914202
918701
924347
948949
952393
962217
964391
973451
976508
980150
984062
987723
991348
994960
999770
1003765
1006341
1016265
2711664
1305091
1318212
1318527
1320718
1332050
1339319
1760122
1769629
2258320
2265238
2756886
2764774
3269507
2725589
2728372
1295403
1298920
1301685
1316859
1333750
1768297
2262319
2757352
3266439
3292376
1701280
1717585
2208147
2691764
2700302
2705182
2709344
3195601
2158132
2162587
2167885
2685430
2689031
3204150
3207376
3222123
662461
674218
675904
678887
682245
693802
727537
747050
758364
771668
779445
779688
783314
789005
794235
798676
798783
799562
801016
812555
813480
820718
820900
834440
835190
836276
836537
838323
853299
856357
862598
865188
867839
869093
871597
871776
876506
879628
879821
879946
899677
904121
914749
915810
921301
924484
925370
937488
943779
945126
949070
949620
974806
980104
981051
987360
992365
1000024
1001253
1005751
1012367
2240374
2246515
2729639
3225735
3232226
3233648
3233698
1299255
1300566
1313902
1316099
1317314
1319157
1320229
1321547
1328160
1330807
1332436
1333322
1335637
1339120
1763888
1764352
1767221
1772969
1775909
2258994
2763074
2768090
663751
680748
686862
696039
697124
697460
699298
705365
710630
717663
721326
723915
728010
730401
741378
744537
746479
747681
748400
748632
761234
763508
764595
769575
773466
776427
786704
790165
794877
797619
811506
812155
816252
818022
826044
829135
836038
836759
844194
851550
853001
865220
871889
876450
884172
885272
885406
886044
893179
896906
909489
914152
914254
916894
941277
943183
947378
950518
952877
960782
972312
977226
988858
988924
995608
997482
998969
999218
1003766
1008195
1008344
1018289
2250282
2713752
2726084
2729947
1298791
1300195
1314333
1323825
1330877
1337495
1338935
1776652
2265773
2752224
2753479
2761967
2766462
2769387
3269993
919222
923616
926685
937252
939517
940596
944676
950442
954043
954854
962774
973702
974624
980165
989839
1017065
2242332
2721844
2730318
1309072
1310094
1311737
1321983
1322626
1328074
1331893
1333347
1334051
1764263
1770068
1770747
1771190
1777649
2768708
3511467
1642204
2080193
3036567
3038696
3512478
3512485
3512628
3513221
3513864
3518026
3519373
3520048
3525739
3527554
3531312
3531587
1595415
2055575
2057029
2067336
2622867
2624546
3597578
1753626
1758695
2186442
2603686
3106280
3117912
3578008
3580198
3580212
3588161
1612981
1619315
1627871
2095176
2554236
2560084
3087489
3532584
3535849
3538400
3539093
3540929
3543362
3543455
3543923
3545002
3546188
3547081
3550668
1454152
1456885
1850415
1857942
1858939
1859614
1861279
2487527
3051421
3052618
3055276
3062753
3066129
1719966
1727511
1727518
2224532
3244203
3246125
2019511
2021808
2537220
2541400
2542311
2994151
3558731
3564404
3567219
1019146
1032375
1035004
1036837
1039066
1050323
1054585
1058329
1063309
1074437
1084683
1088395
1090124
1091417
1092721
1096183
1108104
1121333
1123391
1127217
1129646
1129782
1130493
1146412
1150095
1156854
1157297
1179775
1183162
1187642
1193915
1196287
1196423
1201710
1209784
1214900
1226514
1231687
1234191
1238146
1238982
1254215
1256787
1263789
1268226
1269848
1271845
1277761
1283334
1287446
2144755
2646431
3144327
3146517
3157988
1673163
2127625
2130576
2661203
2662957
2663611
2665640
3161975
3175972
1697170
1714032
1714218
1716040
2201779
3190137
3200758
1508972
1513552
1914741
1920514
2786997
1682137
1686967
1687267
1691361
1693333
1694648
2681209
2683956
2686982
3215455
3219592
666764
681436
697462
699609
706465
707397
716632
738249
759995
760552
776482
784270
785152
787935
789564
797513
798299
805226
826093
834188
836596
845395
847492
856484
868759
871149
875804
882631
897485
899293
900461
900597
902594
923200
924286
937647
939133
946714
948575
956099
961972
963758
973961
993256
993792
1001923
1005349
2725204
1297349
1313843
1316333
1317262
1323328
1331809
1336943
1772317
2266480
2754084
