779718
3035683
1147324
1526983
2867708
4670580
4670614
4670631
1067572
1205016
2935809
2936979
3227560
3408037
4396662
2956886
3244206
4705427
245920
3088931
4071204
4687094
4719931
4673373
628219
889703
1620388
1839022
2117499
2426464
2763539
4053388
4300047
4681193
4660856
4663077
4697252
1259364
1568897
3279770
4087033
4658431
820779
2008099
2082437
2636323
2687061
4652934
3956422
4047440
4047491
2635136
2954829
3220625
4660337
4664881
4665081
573505
3152954
2948630
3252998
3988595
4628951
4682846
4653887
1763931
2281817
2977827
512069
651047
1128157
1299125
2911526
4528626
4707367
492998
1014747
1017102
1311808
1398044
1399031
2563491
1796655
1846393
1945814
2048243
4721505
385757
1017704
1968578
2499396
3012138
3165005
3167313
4715736
4693225
2587755
2641184
4686777
4648890
4649656
4699928
4700547
356875
357847
828069
1263761
4671850
1755292
2102076
3072453
213800
281903
326442
2778245
4025748
834570
1172964
4250996
365367
918483
1468589
1578338
1613221
2144507
2915606
3296163
4502769
783328
1085990
1356632
3245444
3247265
3248818
3261837
3488659
3977229
4197486
4666953
114279
714055
3146136
216291
1646458
1822325
2876698
3449753
4646014
706767
3135208
3400183
4673256
887882
678891
1714312
1907825
3937489
184352
1259249
3293225
3549761
4087314
1705905
2006512
4651813
526975
2634634
2691877
3041282
3193064
3403240
3742489
4015301
4091360
4659167
4659299
4659482
4659901
2476051
3160493
4653851
4665049
4665685
4666070
4370558
433083
2178218
2743368
2806138
3873581
4678434
4692540
4692642
192876
1113064
2745789
3184491
3186446
753914
1795868
3529103
4033770
1925226
1985037
2497458
2776592
3130228
3465848
4715155
4715740
1696162
1766590
2154886
2796546
3218402
4685256
4710924
4648569
4649373
4649773
4671201
51305
1862752
2542618
2861273
4074965
735462
2105403
4704440
2277059
2915777
989397
1178483
3977953
4626372
4667309
933913
2733375
3441726
3531831
3994274
4623264
1283903
1572629
2011365
2944930
2961410
3215270
331495
1405435
2355214
2956696
3241074
4705549
4718517
4718583
4718585
435552
662544
2990783
4720323
4673561
4689076
328394
4717181
556918
2529060
3022835
3832287
4718381
3120412
4657183
4657824
4657985
4658226
361577
1207193
2827610
2994166
3776244
4663374
1235537
3840643
4659821
4660123
4665305
4665412
897252
1190949
1256597
3149749
4691516
2267774
3302167
4692422
4713835
148000
1199973
1854135
3311059
3478249
1642989
1969751
2138118
3599158
249637
2270282
4686236
4649893
1725190
3112222
3197890
3199521
4058382
4067467
4700040
4690541
694062
1531158
2106066
2983695
4026664
4276605
317255
319236
423245
1172497
1761097
2300882
2915959
604457
1557805
3245897
3247946
4667802
931128
1442621
3662984
4669499
4696180
1843353
3209097
3210142
3224507
3227313
4535029
1703110
1956499
3581685
4645033
1543706
3088833
3104977
1109652
2510890
3490333
3732967
4051805
4661016
1813648
2708861
2871280
2872975
2873082
3094792
3251613
3252149
4719412
4658412
198890
1618971
2967669
3258174
3258874
3260580
1266146
3944054
4663256
4664194
2040768
2817723
3046524
3142313
4017118
4091592
2786373
3158668
3496758
3986500
4710409
4684139
4684684
4653989
4654934
3152207
3446122
4083266
4691493
2609326
2828889
3003667
4006415
4060363
371119
857651
858462
1539889
2055467
3028935
2896248
3306172
4585510
377480
416779
454056
2696995
4031794
4042858
4512946
859400
1643680
2079867
3012232
3982985
2713705
2963998
4648877
4649377
4671905
4672907
2737505
3199539
4054715
4056049
4134063
4704761
1514419
324825
2759706
4025006
1486509
567424
1685606
2702583
2912777
3036724
3045273
3177551
3560224
4647347
503448
672837
1086630
4627216
4667785
4668096
931306
2774797
3050535
3203473
4669907
4696104
1574259
2259303
2962120
1090756
1090860
1700503
2323411
3240759
4705421
4718532
1543700
4074157
877515
1973358
2974045
3750866
4660740
4661301
4661394
4662305
1332795
1503731
1633051
2901677
3079390
4084396
4708022
4657489
819266
1101920
2657427
2689522
3683321
4651266
4652034
4652577
573083
3823555
1233241
1494332
2039710
2255523
2274275
2473048
2692348
4010392
4013800
4014579
4090412
4091355
4659061
4659790
4660022
2091761
2598731
2852627
3497552
4654217
3113611
3115776
3152526
2358664
2610288
2977067
3918108
513344
732708
798006
1519882
1751136
3273047
3493851
4656571
743422
774217
1310678
2894811
1293562
1947833
2435483
3098185
3164408
3735329
4034803
4042880
413193
1878934
3309997
3990490
4542309
2795046
4648926
4650955
4671790
205089
288660
3069891
3072120
4540437
1512198
2780974
2984530
3029829
3029847
3033523
3555437
4025911
4703742
476808
864790
1049344
1081918
521869
972305
2087694
2810591
4677408
808189
921383
4667347
193919
668037
2891848
2892919
3202100
3442373
3649542
4620083
4670170
1611271
2286506
3215185
4520512
2990784
3400808
4570147
4688253
328942
627876
1906298
2117745
2388736
2972718
2997471
3268830
3492078
4052110
4661113
679951
2548071
2818498
3118403
3156925
3550602
4708710
2881537
2968174
2992792
3258437
3912897
4652557
3804280
3923558
4663485
4664172
3048893
3814675
4018821
4019404
4090099
4658724
4659392
4659978
2939998
3124134
3707465
4631548
4683959
4684596
4654226
4654794
4655316
4664354
873216
876524
910533
4691280
2282962
1236379
3848954
4707473
4692215
38746
490567
1113339
3570239
1274548
2400500
2803440
4710064
1799120
700290
1638915
2917352
4648460
2788281
2790018
4078214
4614553
1350205
1512603
4024370
4703715
4703862
1199526
566703
644247
1065384
1579141
1594115
2483002
3035682
3036033
4502270
4505612
4676963
4718979
4646966
672676
4666635
4667188
4667305
4667922
4620143
4695866
1673650
1716036
2361487
100321
906146
965929
3241046
3244371
4705394
3086824
3088443
3107399
3414056
4687093
4687410
4688248
1960151
4694647
939157
1470694
1619936
2116179
2264202
2524063
2529147
2921723
2998733
3285853
1790538
2074148
2874442
3277278
3278465
4657079
1617915
2970223
2993968
4108541
4652550
4653065
3942885
3961018
4047907
4638274
2273162
2692476
2704995
2815782
2953190
4019080
4022088
4665048
628788
1962944
3152521
1941684
2148935
2214802
2575856
3253614
4653550
4711893
1676962
1762309
2864497
3787412
4005908
4061545
2056868
3272685
3429398
4656792
4692543
4713765
111638
1314700
2562169
2746392
916108
2400793
2717629
4031963
4235370
577597
1924821
1987129
2337219
2615968
4524966
4715420
4674944
4693228
393795
2837776
3219554
4710991
4686674
4648453
4649472
4699746
4676080
4670930
4671298
616320
2061280
3090887
3197328
3412382
4066927
4689852
735546
1510119
4112751
477508
1143900
1486155
364116
2144385
2555831
2725095
180473
673339
1215316
3248102
4668862
4668937
1075843
3148019
3202153
3997122
4669934
1573732
2850239
308700
953857
1957148
2765639
3205261
1548196
3108611
3458821
3593107
4689186
627454
976360
1838331
2971485
4053671
4708874
4662153
1054683
1505044
3094950
360608
2481234
2994092
3795452
4258238
4268116
4268209
4651575
4652418
524231
585981
4598177
4696538
3039473
3768980
4014195
4021772
4089310
4660056
4665297
1998578
3113759
3114395
2353561
2575358
3709041
4629815
686768
1193917
798851
1125261
1519448
1898163
3289350
4678522
4713068
2496517
2613984
2896899
3185530
3186884
985320
3771899
4530618
1378889
2981524
4716126
1826631
1886856
2156421
2254925
2269722
2839693
4711396
1902643
2430262
3071000
3112341
3228900
1059499
1516122
3617089
4676486
4248614
4642526
581178
1170433
1733838
1975884
2279748
3033773
3043451
3584978
4677856
4647772
4647797
696426
3261833
3710754
4667328
4668971
353004
933953
1076195
3202312
4669607
4561786
216446
1701550
4705564
708830
1426212
3007437
4673208
4688327
520153
2115775
2264483
2293620
2528814
2530229
2619984
2974745
2995830
3424945
3810262
4300052
4680589
4661905
1830427
3250301
3292928
3293353
4087236
4657332
2081858
2637682
2992436
4652459
3944773
4045949
4663723
1692215
3195867
3813877
4660190
2321557
3253309
4665013
274077
3115715
4347484
4691592
2398176
2558923
2831146
2864659
3301809
467584
763235
1083179
1083579
1160809
1722163
2721367
2805556
2806010
3511231
4707554
4692528
112712
2496544
2799944
1845592
2325976
2433111
2697703
2716019
2802155
2803059
3017404
3530662
4027065
4031234
1114799
1788068
1966549
3165944
4693207
4674655
1184216
1917413
2641944
2660567
3218399
3313909
4649044
4675784
4699755
1263514
1536262
2736811
2789898
3188365
4058999
4077619
776139
1630597
2107705
2107762
2985173
4025936
1198295
4644078
804400
807106
3037050
3296955
4648157
748446
3755011
933877
3145541
3535080
4566910
4622017
4669056
4669147
1176877
2936074
562093
2767069
3243943
3450250
4650102
662742
305900
625835
1561999
1972091
2161752
2531496
2532227
2998635
3912339
4662606
4662731
4663108
4696830
2818575
3279807
4708730
4657192
1582028
1937402
2655797
2730903
3485646
3704480
4651140
4652074
645687
3826169
3921038
3963479
4638831
4695428
1689651
1711207
2318171
2692131
3814805
4092174
398484
1962799
4083518
4724231
169147
1978071
3123086
3158441
59983
1726524
1913797
2069934
2072542
2176251
2885402
3060948
3180946
3181880
3662230
420873
511128
2644735
3527485
4656179
823741
453229
913289
1833709
2050473
2453818
2553458
3125617
3311034
4034418
4709700
2301934
2982057
3166095
702752
1887300
2837236
2838295
3092870
4076757
4517238
268764
1122168
2999607
4023679
4704243
476359
1197535
4601095
806925
971126
1066337
1664962
1931309
2181678
2915788
4706026
154837
180560
696542
3752031
1154026
2736062
3146288
4001630
4669413
438334
1204064
2248458
2286215
333346
1500076
2546125
2767465
4605284
4705428
548402
3085788
3460767
4391851
4719917
4688312
4688799
4716139
4694447
940393
2920368
3750359
3937439
4709606
4662206
4663093
4698172
2153130
3249136
3434727
4085094
4172581
4382510
4708234
4657596
1801417
1951397
2082891
2970572
3834957
3913354
4107703
4652299
1267121
1353306
1551167
3803354
4049762
4232496
4663593
4663895
4717892
3048554
3221441
4015319
4660136
1942622
2598103
2942728
3256371
3722117
4664363
4666384
119611
910760
3240363
687935
1675471
3181133
3787512
4153880
408167
732925
1278266
3849514
4656641
4714486
745774
2493951
2894298
1290951
2098514
2326991
3083450
3170335
860190
2344490
3989430
3990066
4720500
4720653
4714971
4715937
1151137
1222767
2253104
2965592
4649074
4649357
4650644
4671317
1681289
3111092
4699525
358265
496307
1536691
4689869
2929543
3000188
3001943
3509531
936490
1338239
1339208
1613763
2087827
3176412
4646975
4648029
31928
920295
990205
3248490
3486913
946050
1445503
3441789
3442257
1323903
2094929
2784736
3215166
3224411
4038072
4396555
1687599
4604224
4645621
498090
847813
3087432
3088572
2764865
2972387
679453
1505781
2464945
2694609
3153048
3505011
2080707
2654715
3021687
3258535
4652138
4652405
1355820
1523383
3953958
4233140
4637915
4664223
3221135
3742563
4009545
4314846
4658790
4659240
4665106
4665741
4666395
272420
530642
1860557
3150776
2091422
2947583
4590234
4684830
432241
432542
1195916
2977431
3057051
534807
733851
1720974
2056575
3288719
4678760
4713709
1346428
1422254
3572195
3128512
3163426
3313051
3748312
4041029
4681871
1643997
2078885
2499237
2755610
2927546
2981412
3972545
1639163
1886608
2964967
3217238
4685312
4650016
4650534
4672361
766490
1220184
1363943
1864047
2060070
4055070
4702224
737927
2051881
2053667
3616234
4023481
1021621
247715
1170277
1407936
1615102
1733117
1809829
2490395
2808165
1135079
3245972
4666589
4667391
4668436
3202588
3203649
3532158
4003248
4545793
4669374
4670533
1070535
1841960
2251239
2283600
4522538
1585515
1607373
1870202
3242830
219978
1507901
1549624
4720178
4687981
4688894
4689455
4716904
1241171
1561147
2087055
2160598
2160864
2512321
2514570
2527538
2566269
2812809
4592823
4709009
4680104
4662147
713223
1118235
2128401
2818927
3293193
4657501
548514
821428
2080937
3021315
3257272
3258272
3816797
4267172
4652294
524048
1524152
4047027
4663183
4664260
1709987
2066842
2704813
4008385
4020326
4658844
2123664
2787548
3254021
4654568
4654966
4665489
4666400
731182
4144327
4061274
467726
1238536
4707069
4678789
4713930
2614365
3188148
929424
2417327
2550423
3015333
3017005
3643694
4034866
4682503
385900
1926022
2616271
2925962
2982641
3104686
3599131
3990380
4714957
252561
632067
1032333
2035181
2157281
2678141
4685718
4648341
4648348
4649879
657071
1678803
3109157
3189541
4702466
4690900
544070
4703098
1065961
1496056
1735797
2915862
3035225
3045504
380499
3246201
4667798
4668315
4668565
1077943
2833906
2834874
3050698
3993400
4003596
4670138
4670405
1857330
2238974
2936017
3408964
351588
659599
2324645
4391474
4688453
4688854
327805
4694456
839288
977017
1241191
2529323
2971449
4709514
4681269
1504780
1770994
2467520
2709333
3094418
3277304
3506750
360044
1581441
1597853
2460631
2825317
2828425
4192479
4652154
4510733
4636045
4717366
1232735
2348441
2473535
2705071
2953184
2953616
4021962
4091385
4660010
4660146
89935
2313027
926163
3150542
209514
787247
2829461
2831583
3003319
3808428
4005817
1298480
1428636
1519955
2423667
2645157
2680099
3290007
347944
743628
2434696
2697834
2802104
3162038
3531800
3882463
4027060
4027627
2925407
2926926
3165817
3599205
4692952
147142
393300
1223976
1639765
1639901
2588969
2677309
2712841
2963962
3218993
4710985
4711603
4648395
4648982
4649999
4651017
4670973
289333
2413972
2541269
3139159
3197384
4055686
4700153
225575
300729
613171
735453
2844701
4025923
1484406
4647393
4647862
404783
809306
3264387
449789
946482
2867514
3201330
4622325
1671287
1848890
1992332
2201972
2594048
2782881
3464499
4040662
2064145
2649417
2823375
3204674
3242659
4650201
4676873
4718786
4390858
4719957
4673379
679150
1342334
1561269
3270086
4053883
1332442
1504431
1569507
1634283
1888815
3120977
3294818
4658572
1882899
2689375
2730338
4652023
1353048
3845911
3963636
1690389
2707209
4090969
4664573
1096126
4684594
4691546
752435
2268138
2741670
2793681
2885615
3652315
73089
2111377
2661117
3635254
1015438
2495229
756747
929187
985258
2699871
3716259
1643712
2927328
2982797
3130033
3167452
1034025
1826812
2130879
2244341
2587732
3219146
4649115
4649684
4649965
4671457
484667
1104732
2441363
3196632
4065030
4075944
4564280
4700119
4700470
230103
1896539
1897139
2759935
3030175
3280764
599347
1447625
4190442
1577100
1614993
2030878
3298373
4719010
4647014
697779
809687
1356821
3261375
4666700
4667734
447797
1228537
3858252
4670542
2203884
2962285
3227011
4535299
333826
906562
1369532
2821244
2823450
3086427
3088640
4072770
4688283
4673452
4673550
4689330
4716293
2566969
2764379
4661218
4661879
1119878
2334499
2486115
2902557
3078841
3156026
4679427
1207713
1208079
1580101
1580465
1704180
2007371
2083286
2480810
2992169
3717764
4651256
4651417
1521405
2815060
3404633
3543781
3871211
4014069
4093194
4653294
4655168
4664996
486871
998405
1762072
4582802
1160983
1518529
1752373
4706967
4707003
2469537
2894174
3303866
882855
915811
955957
1167042
2210395
2716520
3015844
3772843
3822579
4028173
4235509
862108
1377277
1644443
1644920
2924190
3073993
3131853
4674547
1151389
2660436
4648309
4649145
4649618
142266
4671739
4671780
4672005
2060849
2440657
3140050
3191490
4067626
284388
324598
2054631
2930167
3030248
4640862
4643125
2119556
2462996
155138
783194
3246463
3263824
3737873
3754138
1225338
4669695
4670278
1649602
2096794
2945284
4039133
216740
767750
2164227
2728507
3449670
4604415
4704925
76541
707184
3068324
1010065
1472786
1620005
2512351
2512432
2811318
3749839
3886534
4052371
4680440
1534488
1633507
1736923
1738295
3153137
3292653
4707933
4657493
275568
1581831
1706911
1743609
2438666
2967833
2994990
4651228
4651864
1552621
4046053
4232716
4509740
4598282
4663360
3195706
4658631
2124955
2351141
2787371
2853417
3160459
3475055
4683667
4653802
4673939
762923
1127036
4678304
4692710
1038911
1836899
2715973
3126850
3882820
4234669
2755298
3076546
3979154
391271
1152374
1183894
2678273
2797397
3216311
3313845
268165
358081
358964
1059035
4672503
2574070
2789177
2790730
3073255
3092088
3199531
3411081
4076201
4392586
4673739
841522
2845327
4270001
1049107
1484114
4380752
363423
1167852
1653359
1663008
2701499
2811074
3179114
4503485
4647731
1357204
1525382
3247141
3739082
4668880
4669023
1154491
1443315
2605399
2891333
4237432
4669230
4669734
320714
1044591
1294950
1609964
2204042
2750363
2781658
2848692
966425
2013754
2876111
219738
850055
2857298
3085951
3088048
3107836
3939541
4687139
4687700
4673085
870954
4694509
201422
940046
1971038
2158875
2426861
2525976
2538669
3937469
4680898
4696924
4697199
456486
1318582
1769729
2549872
3079960
3094071
3154382
4087806
4159098
2391472
2994710
4652704
3844731
3893738
2673355
2815779
4091582
4619923
4660192
4683656
949738
4082047
4691276
4691894
431057
812569
1675494
1875567
2456877
2791818
2832298
4064767
421272
734271
1326938
1900560
2111136
2680039
4714540
2799263
1463146
2051347
2417551
3097658
3643186
3702021
3713346
3933257
263433
1878150
1967469
2981381
2982860
4674946
4715883
251701
634156
634199
1150179
1696461
1767328
2797670
2837546
3218622
4648717
4650782
258628
2542420
2790986
2899475
225511
495501
229941
695331
1730871
2373056
2927869
917443
1657753
2145532
4648799
3176760
4228676
4677929
942025
3264750
4625167
4668812
1444687
4002645
4181687
298468
2237584
4038395
350187
1371551
1958813
2955827
3558018
4650214
850966
2886246
2988558
3105746
517829
685014
4693555
2922628
3492274
3833024
3863029
4050727
4051063
4662414
679848
712404
2196329
2467605
2709787
4085173
4679244
4707688
4658234
1101279
1950889
4264522
4047594
4717373
4717748
4717855
1710472
2296051
2706504
2816611
4019593
4659431
4660374
4664918
4665004
4665086
1380236
3152524
3240643
2045242
2093649
2578291
266066
608938
1674751
2455923
2740546
2976726
3759145
1309815
1321676
2746444
377234
1128869
1129923
1793911
1947120
2696976
2803543
2803854
3097815
3162334
3162384
3715100
4027967
2982935
3165621
3980178
3990113
4715933
832582
1032455
1826106
2965555
3313818
4686228
4648331
4671556
4671670
1005715
2540423
2737981
4615925
541000
3619729
4024123
4271742
1145624
4706362
4706813
153735
4666786
4668209
2736028
4696085
1480605
2944300
2944536
619394
2581925
3241131
3243086
242996
1507864
3068506
3135509
3136124
4673406
1905637
2029543
4633896
4680075
4697672
1053784
2486912
3268320
3278331
4708466
4658247
2141968
2480730
2994302
526859
648193
2037799
2068334
2245620
2247073
2625207
3221643
3923986
4020431
2094070
4630705
4683936
4653148
948783
1807667
3152670
2269067
2883385
3917417
4320489
757342
761901
1239245
1601888
2807309
2807726
3275723
3289229
4713214
2468530
3569431
3570165
3573790
453072
1465131
3082697
3734415
4033252
4558590
4681979
1969664
2617038
632364
1223452
3219773
4685389
4650861
4701433
4672870
617322
2104013
2861674
2897889
3191242
695989
793691
1896145
2106621
4702969
4252267
740286
1169411
1170148
1211963
1614031
1614345
4647944
1214818
4666496
4666813
4667345
932477
2733228
4239323
4670136
1715340
2595070
2945679
4037321
4039661
1647855
2821990
4705082
376153
850840
4389350
4687738
4693535
4716849
201356
293276
2922933
2971733
3423487
4709212
4680849
4662634
4662869
2151585
2151886
2194402
3081084
3120023
3276152
4656985
4657085
4657318
1209523
1598170
1987887
2025873
2458343
2827941
3257568
3916139
4109486
4653106
4717418
2069680
2635728
2652240
2692333
3047341
3195013
4017784
2091657
4664355
4664574
4666192
120503
399867
400871
730208
897868
1860821
1963805
4082142
2228565
2357903
2396272
2791941
4153487
512111
1160619
1327979
3289237
4707507
4656500
4692518
1014938
2698886
3313505
3465118
3989939
3991579
4692985
4715781
1136987
1639250
1917310
2253179
2839823
3522592
4650569
4672362
484182
2411179
3410869
4612797
4702192
1513805
1896686
2780460
2985938
3283521
1143458
1486730
779410
1408784
1761534
2145704
3036076
3179235
553722
746185
1133932
3261259
4667830
4668920
195342
353409
3203118
3234519
4670256
4670488
4696378
2012171
2945496
3211342
3224342
1188515
1499199
1605256
2682625
3584297
4718455
3107290
3108275
3108607
3136116
4673363
328974
1455780
2426521
2811878
2922096
2973422
4302430
4632451
4662635
4662835
4696846
1502876
1815299
3278607
4171841
1741664
1949399
2994778
586931
3756670
4663503
4668602
2318844
2350581
3048880
3193525
3814694
4008811
2313863
3122430
3122562
3159329
3159884
3987183
4654880
996905
1256800
3115010
4083280
266152
811998
2793561
3184098
421112
512377
1542465
1624793
2110021
2680136
4707223
1398006
2746701
4028364
4029531
4236450
2381233
3076070
3308074
3308556
3466588
4674550
1153352
3479610
4711118
4650032
4700203
1536903
4671423
4672477
257731
1106705
1756990
3136751
3199206
3457814
228933
2778603
4112510
559
478486
936236
936761
1975773
2032465
4648801
4719118
991702
3263823
4666885
4668814
4668989
2869632
2748307
3208928
992538
1583315
2014917
4644975
1543089
4071149
4569899
880037
2085198
2119108
2263622
2529568
2812901
3864860
4680882
4661937
4663098
1119611
1568993
1738450
1792337
2467203
2818971
4382280
198319
2992604
4264681
4651105
4651641
4653077
187441
721019
1264725
1521629
3943376
4046924
4664041
4695393
1635327
3839660
4008595
4093706
4362449
2092393
3254720
3540272
4653263
4654142
4665381
924811
3152933
4370030
4711880
4691260
481856
1098748
1194083
2792431
371445
466948
1125956
2627847
3275755
3525507
4527308
4678742
4678806
4713395
4714663
2469604
2560902
2798429
3187018
3568005
4401532
1131561
1835400
2716637
2717409
3100582
3162668
3735765
4042012
1700414
2140200
2338412
2339548
2617201
2981372
3011070
1183419
2838873
4711205
4711273
4648340
4648994
4650548
4672029
206175
616474
2102407
3137064
4075586
4699848
4700502
4702449
268347
828297
828315
4690538
842026
2845443
2984023
3030472
4271694
4704278
317315
4601580
4641663
1469020
4719183
4684396
4647289
988861
1181791
3245856
3487609
4666809
4666909
4668881
1142217
3050477
3992938
4623355
4669283
4669392
4670583
297301
1417744
1610910
1848090
2363436
3213627
3226695
97794
2728197
2822694
2957066
4676867
4704956
219394
244128
245959
622791
3108573
3134507
4073224
4720064
4687999
4693722
4675231
606547
2522029
3022233
3286159
3887048
4053166
4709398
4661200
4661863
4661936
456346
1118760
1535191
2466452
3155399
3251372
4200840
4657826
4658392
199138
2826231
3676702
3944761
4231649
4663306
2166132
2315808
3143376
4018865
4665571
119277
487955
3151532
4691173
3005655
4005002
4006672
371235
372650
536021
2721116
4678741
4656077
1243259
2896898
3578168
416325
454329
1061772
1273918
2801572
3160949
3162351
3170282
3529727
4030095
2925646
3104268
4720657
445580
1074170
2271075
2712755
2795654
3218080
4711138
4649402
4670885
4671051
340987
792698
2446389
4614438
1335811
4690575
213546
796135
3508803
4025994
4271925
1144094
1487636
4643952
